{
  "bands": [
    {
      "high_freq": 148.1999969482422,
      "loudness": -24.607288360595703,
      "loudness_range": 8.859092712402344,
      "mid_mean": -23.246379852294922,
      "mid_to_side_loudness": -1.7999268770217896,
      "mid_to_side_loudness_range": 6.461395263671875,
      "side_mean": -25.090024948120117
    },
    {
      "high_freq": 392.3793640136719,
      "loudness": -28.988388061523438,
      "loudness_range": 12.373077392578125,
      "low_freq": 148.1999969482422,
      "mid_mean": -28.342571258544922,
      "mid_to_side_loudness": -0.12245073169469833,
      "mid_to_side_loudness_range": 4.5592827796936035,
      "side_mean": -28.479080200195312
    },
    {
      "high_freq": 794.6976318359375,
      "loudness": -29.630615234375,
      "loudness_range": 19.9749698638916,
      "low_freq": 392.3793640136719,
      "mid_mean": -28.01585578918457,
      "mid_to_side_loudness": -2.845052719116211,
      "mid_to_side_loudness_range": 9.24302864074707,
      "side_mean": -31.16744613647461
    },
    {
      "high_freq": 1457.5709228515625,
      "loudness": -30.539230346679688,
      "loudness_range": 24.620241165161133,
      "low_freq": 794.6976318359375,
      "mid_mean": -28.728960037231445,
      "mid_to_side_loudness": -3.103180170059204,
      "mid_to_side_loudness_range": 9.968436241149902,
      "side_mean": -32.88260269165039
    },
    {
      "high_freq": 2549.74365234375,
      "loudness": -29.64181137084961,
      "loudness_range": 25.544296264648438,
      "low_freq": 1457.5709228515625,
      "mid_mean": -28.58853530883789,
      "mid_to_side_loudness": -1.546574592590332,
      "mid_to_side_loudness_range": 9.248457908630371,
      "side_mean": -31.06624984741211
    },
    {
      "high_freq": 4349.24462890625,
      "loudness": -30.90764808654785,
      "loudness_range": 23.836524963378906,
      "low_freq": 2549.74365234375,
      "mid_mean": -30.611051559448242,
      "mid_to_side_loudness": 0.28161510825157166,
      "mid_to_side_loudness_range": 7.860739231109619,
      "side_mean": -30.24249267578125
    },
    {
      "high_freq": 7314.1640625,
      "loudness": -28.59980010986328,
      "loudness_range": 14.383962631225586,
      "low_freq": 4349.24462890625,
      "mid_mean": -28.323627471923828,
      "mid_to_side_loudness": 0.6531226634979248,
      "mid_to_side_loudness_range": 3.442371129989624,
      "side_mean": -27.641632080078125
    },
    {
      "high_freq": 12199.2666015625,
      "loudness": -31.02700424194336,
      "loudness_range": 13.149147033691406,
      "low_freq": 7314.1640625,
      "mid_mean": -30.545612335205078,
      "mid_to_side_loudness": 0.3534485101699829,
      "mid_to_side_loudness_range": 0.5296688675880432,
      "side_mean": -30.16823959350586
    },
    {
      "loudness": -46.34261703491211,
      "loudness_range": 12.151653289794922,
      "low_freq": 12199.2666015625,
      "mid_mean": -45.72760009765625,
      "mid_to_side_loudness": 0.17601943016052246,
      "mid_to_side_loudness_range": 0.4681853950023651,
      "side_mean": -45.54850387573242
    }
  ],
  "bands_short": [
    {
      "high_freq": 148.1999969482422,
      "loudness": -27.728267669677734,
      "loudness_range": 17.626588821411133,
      "mid_mean": -26.636478424072266,
      "mid_to_side_loudness": -1.8483893871307373,
      "mid_to_side_loudness_range": 12.499971389770508,
      "side_mean": -28.536109924316406
    },
    {
      "high_freq": 392.3793640136719,
      "loudness": -28.18097496032715,
      "loudness_range": 14.589366912841797,
      "low_freq": 148.1999969482422,
      "mid_mean": -27.785236358642578,
      "mid_to_side_loudness": -0.036994997411966324,
      "mid_to_side_loudness_range": 9.526899337768555,
      "side_mean": -27.840595245361328
    },
    {
      "high_freq": 794.6976318359375,
      "loudness": -30.218259811401367,
      "loudness_range": 21.98413848876953,
      "low_freq": 392.3793640136719,
      "mid_mean": -28.845741271972656,
      "mid_to_side_loudness": -2.3390674591064453,
      "mid_to_side_loudness_range": 11.334959030151367,
      "side_mean": -31.59808349609375
    },
    {
      "high_freq": 1457.5709228515625,
      "loudness": -32.1135139465332,
      "loudness_range": 27.7991943359375,
      "low_freq": 794.6976318359375,
      "mid_mean": -30.536752700805664,
      "mid_to_side_loudness": -2.879911184310913,
      "mid_to_side_loudness_range": 11.645013809204102,
      "side_mean": -34.32822036743164
    },
    {
      "high_freq": 2549.74365234375,
      "loudness": -31.646692276000977,
      "loudness_range": 30.387208938598633,
      "low_freq": 1457.5709228515625,
      "mid_mean": -30.782154083251953,
      "mid_to_side_loudness": -1.3248556852340698,
      "mid_to_side_loudness_range": 9.697532653808594,
      "side_mean": -32.69440841674805
    },
    {
      "high_freq": 4349.24462890625,
      "loudness": -31.310543060302734,
      "loudness_range": 23.246625900268555,
      "low_freq": 2549.74365234375,
      "mid_mean": -31.023513793945312,
      "mid_to_side_loudness": 0.27131301164627075,
      "mid_to_side_loudness_range": 7.905388832092285,
      "side_mean": -30.70553970336914
    },
    {
      "high_freq": 7314.1640625,
      "loudness": -30.149770736694336,
      "loudness_range": 19.66529083251953,
      "low_freq": 4349.24462890625,
      "mid_mean": -29.939626693725586,
      "mid_to_side_loudness": 0.6518086194992065,
      "mid_to_side_loudness_range": 4.755941867828369,
      "side_mean": -29.25145149230957
    },
    {
      "high_freq": 12199.2666015625,
      "loudness": -34.474334716796875,
      "loudness_range": 22.02974510192871,
      "low_freq": 7314.1640625,
      "mid_mean": -34.08137512207031,
      "mid_to_side_loudness": 0.33362773060798645,
      "mid_to_side_loudness_range": 1.6605738401412964,
      "side_mean": -33.73823165893555
    },
    {
      "loudness": -48.60340881347656,
      "loudness_range": 17.32303237915039,
      "low_freq": 12199.2666015625,
      "mid_mean": -47.97495651245117,
      "mid_to_side_loudness": 0.18783093988895416,
      "mid_to_side_loudness_range": 1.3024756908416748,
      "side_mean": -47.78716278076172
    }
  ],
  "channels": 2,
  "covariance": [
    [
      17.2468204498291,
      13.892281532287598,
      4.475698947906494,
      4.566568851470947,
      2.0029172897338867,
      3.6776866912841797,
      1.4541937112808228,
      2.2877283096313477,
      1.1401480436325073,
      1.4875545501708984,
      3.3487937450408936,
      3.0356760025024414,
      2.8695449829101562,
      2.7335054874420166,
      2.770888090133667,
      2.577296257019043,
      3.129055976867676,
      3.1945390701293945
    ],
    [
      13.892281532287598,
      15.759123802185059,
      3.704293727874756,
      4.318452835083008,
      0.9205180406570435,
      2.964691162109375,
      0.7567251920700073,
      1.1663180589675903,
      1.0670230388641357,
      0.18663756549358368,
      2.840521812438965,
      2.11568284034729,
      2.5659425258636475,
      2.5114927291870117,
      2.4073798656463623,
      2.2388012409210205,
      3.2115590572357178,
      3.2719473838806152
    ],
    [
      4.475698947906494,
      3.704293727874756,
      23.45041847229004,
      21.584890365600586,
      20.258174896240234,
      19.211986541748047,
      17.88622283935547,
      18.7804012298584,
      18.83962059020996,
      20.467111587524414,
      24.74160385131836,
      23.22826385498047,
      14.592548370361328,
      14.386137008666992,
      13.775933265686035,
      13.7902250289917,
      12.224122047424316,
      12.407185554504395
    ],
    [
      4.566568851470947,
      4.318452835083008,
      21.584890365600586,
      23.575056076049805,
      19.61606788635254,
      19.6237850189209,
      16.724361419677734,
      18.58442497253418,
      18.35209846496582,
      20.447158813476562,
      23.35211944580078,
      22.123037338256836,
      13.593612670898438,
      13.519843101501465,
      12.721816062927246,
      12.695597648620605,
      11.450346946716309,
      11.620870590209961
    ],
    [
      2.0029172897338867,
      0.9205180406570435,
      20.258174896240234,
      19.61606788635254,
      58.929283142089844,
      41.66804504394531,
      42.791847229003906,
      44.02986145019531,
      44.0187873840332,
      48.162532806396484,
      44.84976577758789,
      42.427398681640625,
      24.334199905395508,
      24.398101806640625,
      21.62898826599121,
      21.722700119018555,
      19.339069366455078,
      19.51139259338379
    ],
    [
      3.6776866912841797,
      2.964691162109375,
      19.211986541748047,
      19.6237850189209,
      41.66804504394531,
      42.558128356933594,
      30.03421974182129,
      37.04637145996094,
      29.048213958740234,
      37.432037353515625,
      35.15751266479492,
      33.09859085083008,
      19.162187576293945,
      18.872037887573242,
      18.903989791870117,
      18.747373580932617,
      16.034576416015625,
      16.196664810180664
    ],
    [
      1.4541937112808228,
      0.7567251920700073,
      17.88622283935547,
      16.724361419677734,
      42.791847229003906,
      30.03421974182129,
      81.57637786865234,
      55.70115280151367,
      72.66152954101562,
      66.540771484375,
      55.56988525390625,
      51.871944427490234,
      28.541400909423828,
      28.87865447998047,
      21.42413330078125,
      21.25044822692871,
      21.337154388427734,
      21.38640022277832
    ],
    [
      2.2877283096313477,
      1.1663180589675903,
      18.7804012298584,
      18.58442497253418,
      44.02986145019531,
      37.04637145996094,
      55.70115280151367,
      59.92942428588867,
      51.100154876708984,
      56.337162017822266,
      45.11747360229492,
      44.78553771972656,
      23.572141647338867,
      24.138347625732422,
      20.724279403686523,
      20.485950469970703,
      18.457489013671875,
      18.561012268066406
    ],
    [
      1.1401480436325073,
      1.0670230388641357,
      18.83962059020996,
      18.35209846496582,
      44.0187873840332,
      29.048213958740234,
      72.66152954101562,
      51.100154876708984,
      94.65379333496094,
      77.36250305175781,
      62.92244338989258,
      57.6182746887207,
      32.052528381347656,
      32.40016555786133,
      22.899621963500977,
      22.58707618713379,
      23.617311477661133,
      23.81836700439453
    ],
    [
      1.4875545501708984,
      0.18663756549358368,
      20.467111587524414,
      20.447158813476562,
      48.162532806396484,
      37.432037353515625,
      66.540771484375,
      56.337162017822266,
      77.36250305175781,
      88.58946990966797,
      60.14973831176758,
      62.3145637512207,
      32.353092193603516,
      34.319393157958984,
      25.688072204589844,
      25.348262786865234,
      24.228042602539062,
      24.46527099609375
    ],
    [
      3.3487937450408936,
      2.840521812438965,
      24.74160385131836,
      23.35211944580078,
      44.84976577758789,
      35.15751266479492,
      55.56988525390625,
      45.11747360229492,
      62.92244338989258,
      60.14973831176758,
      71.4913330078125,
      65.21724700927734,
      40.17843246459961,
      39.86888122558594,
      33.376556396484375,
      33.149261474609375,
      29.51987648010254,
      29.740718841552734
    ],
    [
      3.0356760025024414,
      2.11568284034729,
      23.22826385498047,
      22.123037338256836,
      42.427398681640625,
      33.09859085083008,
      51.871944427490234,
      44.78553771972656,
      57.6182746887207,
      62.3145637512207,
      65.21724700927734,
      66.59317779541016,
      37.90977096557617,
      39.72176742553711,
      31.971446990966797,
      31.871889114379883,
      27.932209014892578,
      28.141277313232422
    ],
    [
      2.8695449829101562,
      2.5659425258636475,
      14.592548370361328,
      13.593612670898438,
      24.334199905395508,
      19.162187576293945,
      28.541400909423828,
      23.572141647338867,
      32.052528381347656,
      32.353092193603516,
      40.17843246459961,
      37.90977096557617,
      28.61648941040039,
      27.60261344909668,
      23.187952041625977,
      22.90044403076172,
      20.70566177368164,
      20.86842155456543
    ],
    [
      2.7335054874420166,
      2.5114927291870117,
      14.386137008666992,
      13.519843101501465,
      24.398101806640625,
      18.872037887573242,
      28.87865447998047,
      24.138347625732422,
      32.40016555786133,
      34.319393157958984,
      39.86888122558594,
      39.72176742553711,
      27.60261344909668,
      28.593421936035156,
      22.7946834564209,
      22.61997413635254,
      20.390987396240234,
      20.58039093017578
    ],
    [
      2.770888090133667,
      2.4073798656463623,
      13.775933265686035,
      12.721816062927246,
      21.62898826599121,
      18.903989791870117,
      21.42413330078125,
      20.724279403686523,
      22.899621963500977,
      25.688072204589844,
      33.376556396484375,
      31.971446990966797,
      23.187952041625977,
      22.7946834564209,
      23.032470703125,
      22.453458786010742,
      18.876264572143555,
      19.058780670166016
    ],
    [
      2.577296257019043,
      2.2388012409210205,
      13.7902250289917,
      12.695597648620605,
      21.722700119018555,
      18.747373580932617,
      21.25044822692871,
      20.485950469970703,
      22.58707618713379,
      25.348262786865234,
      33.149261474609375,
      31.871889114379883,
      22.90044403076172,
      22.61997413635254,
      22.453458786010742,
      22.769603729248047,
      18.729944229125977,
      18.922523498535156
    ],
    [
      3.129055976867676,
      3.2115590572357178,
      12.224122047424316,
      11.450346946716309,
      19.339069366455078,
      16.034576416015625,
      21.337154388427734,
      18.457489013671875,
      23.617311477661133,
      24.228042602539062,
      29.51987648010254,
      27.932209014892578,
      20.70566177368164,
      20.390987396240234,
      18.876264572143555,
      18.729944229125977,
      18.686161041259766,
      18.796207427978516
    ],
    [
      3.1945390701293945,
      3.2719473838806152,
      12.407185554504395,
      11.620870590209961,
      19.51139259338379,
      16.196664810180664,
      21.38640022277832,
      18.561012268066406,
      23.81836700439453,
      24.46527099609375,
      29.740718841552734,
      28.141277313232422,
      20.86842155456543,
      20.58039093017578,
      19.058780670166016,
      18.922523498535156,
      18.796207427978516,
      19.000226974487305
    ]
  ],
  "covariance_short": [
    [
      48.844112396240234,
      34.458885192871094,
      11.015372276306152,
      8.665164947509766,
      2.6253252029418945,
      4.293137550354004,
      2.039135694503784,
      2.990118980407715,
      2.261443614959717,
      3.447889566421509,
      2.6370646953582764,
      2.5470621585845947,
      1.0557812452316284,
      1.075640320777893,
      1.2375048398971558,
      1.1751458644866943,
      2.2848963737487793,
      2.447070598602295
    ],
    [
      34.458885192871094,
      39.60979461669922,
      9.924866676330566,
      12.025422096252441,
      2.290337562561035,
      4.378856182098389,
      1.4411815404891968,
      2.271075487136841,
      2.069246530532837,
      2.9350743293762207,
      2.8799350261688232,
      2.500127077102661,
      2.2737762928009033,
      2.4080810546875,
      3.313769817352295,
      3.310293197631836,
      4.103194713592529,
      4.244890213012695
    ],
    [
      11.015372276306152,
      9.924866676330566,
      31.967823028564453,
      25.792984008789062,
      18.37152862548828,
      18.554834365844727,
      16.922048568725586,
      17.09114646911621,
      19.725643157958984,
      18.607269287109375,
      17.64111328125,
      16.374237060546875,
      13.442697525024414,
      13.129709243774414,
      13.844663619995117,
      13.82717514038086,
      10.771784782409668,
      10.960365295410156
    ],
    [
      8.665164947509766,
      12.025422096252441,
      25.792984008789062,
      32.7486686706543,
      17.52064323425293,
      18.813737869262695,
      15.373273849487305,
      16.352508544921875,
      18.506568908691406,
      17.853349685668945,
      15.96550178527832,
      14.927410125732422,
      12.183958053588867,
      12.262365341186523,
      12.784089088439941,
      12.807260513305664,
      10.469786643981934,
      10.670708656311035
    ],
    [
      2.6253252029418945,
      2.290337562561035,
      18.37152862548828,
      17.52064323425293,
      67.8849105834961,
      47.584102630615234,
      56.23122787475586,
      51.417762756347656,
      61.95414352416992,
      58.386051177978516,
      44.27165985107422,
      41.83324432373047,
      25.91105842590332,
      26.023448944091797,
      21.673540115356445,
      21.42641258239746,
      16.688152313232422,
      16.839120864868164
    ],
    [
      4.293137550354004,
      4.378856182098389,
      18.554834365844727,
      18.813737869262695,
      47.584102630615234,
      51.848426818847656,
      39.508853912353516,
      44.07609939575195,
      45.53470993041992,
      47.479496002197266,
      35.484825134277344,
      33.53770065307617,
      19.782669067382812,
      19.503469467163086,
      18.467689514160156,
      18.324270248413086,
      14.10417366027832,
      14.307836532592773
    ],
    [
      2.039135694503784,
      1.4411815404891968,
      16.922048568725586,
      15.373273849487305,
      56.23122787475586,
      39.508853912353516,
      103.0080337524414,
      71.80635070800781,
      95.3982162475586,
      83.89474487304688,
      62.827980041503906,
      59.4569206237793,
      36.37986755371094,
      36.849525451660156,
      27.161428451538086,
      26.75149917602539,
      20.981727600097656,
      20.94437026977539
    ],
    [
      2.990118980407715,
      2.271075487136841,
      17.09114646911621,
      16.352508544921875,
      51.417762756347656,
      44.07609939575195,
      71.80635070800781,
      73.18592834472656,
      69.2375259399414,
      68.13709259033203,
      47.54826736450195,
      47.367515563964844,
      27.010881423950195,
      27.533830642700195,
      22.527971267700195,
      22.221771240234375,
      17.100412368774414,
      17.1403751373291
    ],
    [
      2.261443614959717,
      2.069246530532837,
      19.725643157958984,
      18.506568908691406,
      61.95414352416992,
      45.53470993041992,
      95.3982162475586,
      69.2375259399414,
      125.37574768066406,
      104.84814453125,
      79.9937515258789,
      74.34646606445312,
      46.06425094604492,
      46.606719970703125,
      33.43470764160156,
      32.90789794921875,
      26.0268497467041,
      26.188913345336914
    ],
    [
      3.447889566421509,
      2.9350743293762207,
      18.607269287109375,
      17.853349685668945,
      58.386051177978516,
      47.479496002197266,
      83.89474487304688,
      68.13709259033203,
      104.84814453125,
      107.6988754272461,
      71.82611083984375,
      73.31365966796875,
      42.05624008178711,
      44.61930847167969,
      32.10553741455078,
      31.518253326416016,
      24.85736656188965,
      25.001218795776367
    ],
    [
      2.6370646953582764,
      2.8799350261688232,
      17.64111328125,
      15.96550178527832,
      44.27165985107422,
      35.484825134277344,
      62.827980041503906,
      47.54826736450195,
      79.9937515258789,
      71.82611083984375,
      73.97689056396484,
      67.00823974609375,
      46.12266540527344,
      45.77911376953125,
      37.74692153930664,
      37.485355377197266,
      27.41607666015625,
      27.549562454223633
    ],
    [
      2.5470621585845947,
      2.500127077102661,
      16.374237060546875,
      14.927410125732422,
      41.83324432373047,
      33.53770065307617,
      59.4569206237793,
      47.367515563964844,
      74.34646606445312,
      73.31365966796875,
      67.00823974609375,
      69.31737518310547,
      44.02170944213867,
      46.405147552490234,
      37.101417541503906,
      36.67879867553711,
      26.696102142333984,
      26.777545928955078
    ],
    [
      1.0557812452316284,
      2.2737762928009033,
      13.442697525024414,
      12.183958053588867,
      25.91105842590332,
      19.782669067382812,
      36.37986755371094,
      27.010881423950195,
      46.06425094604492,
      42.05624008178711,
      46.12266540527344,
      44.02170944213867,
      47.84214782714844,
      46.17770767211914,
      45.847129821777344,
      45.69036865234375,
      32.389122009277344,
      32.48670959472656
    ],
    [
      1.075640320777893,
      2.4080810546875,
      13.129709243774414,
      12.262365341186523,
      26.023448944091797,
      19.503469467163086,
      36.849525451660156,
      27.533830642700195,
      46.606719970703125,
      44.61930847167969,
      45.77911376953125,
      46.405147552490234,
      46.17770767211914,
      48.341007232666016,
      45.55294418334961,
      45.450462341308594,
      32.21588134765625,
      32.34934616088867
    ],
    [
      1.2375048398971558,
      3.313769817352295,
      13.844663619995117,
      12.784089088439941,
      21.673540115356445,
      18.467689514160156,
      27.161428451538086,
      22.527971267700195,
      33.43470764160156,
      32.10553741455078,
      37.74692153930664,
      37.101417541503906,
      45.847129821777344,
      45.55294418334961,
      56.67343521118164,
      55.76008224487305,
      39.35893630981445,
      39.45779800415039
    ],
    [
      1.1751458644866943,
      3.310293197631836,
      13.82717514038086,
      12.807260513305664,
      21.42641258239746,
      18.324270248413086,
      26.75149917602539,
      22.221771240234375,
      32.90789794921875,
      31.518253326416016,
      37.485355377197266,
      36.67879867553711,
      45.69036865234375,
      45.450462341308594,
      55.76008224487305,
      56.83548355102539,
      39.357765197753906,
      39.446102142333984
    ],
    [
      2.2848963737487793,
      4.103194713592529,
      10.771784782409668,
      10.469786643981934,
      16.688152313232422,
      14.10417366027832,
      20.981727600097656,
      17.100412368774414,
      26.0268497467041,
      24.85736656188965,
      27.41607666015625,
      26.696102142333984,
      32.389122009277344,
      32.21588134765625,
      39.35893630981445,
      39.357765197753906,
      32.15957260131836,
      32.053340911865234
    ],
    [
      2.447070598602295,
      4.244890213012695,
      10.960365295410156,
      10.670708656311035,
      16.839120864868164,
      14.307836532592773,
      20.94437026977539,
      17.1403751373291,
      26.188913345336914,
      25.001218795776367,
      27.549562454223633,
      26.777545928955078,
      32.48670959472656,
      32.34934616088867,
      39.45779800415039,
      39.446102142333984,
      32.053340911865234,
      32.337188720703125
    ]
  ],
  "drr": 13.208361625671387,
  "dynamics": 3.589616060256958,
  "format": 1245190,
  "frames": 15446016,
  "loudness": -14.730890274047852,
  "loudness_range": 9.778549194335938,
  "loudness_range_short": 12.687973976135254,
  "peak": 1.165079951286316,
  "rms": -17.034284591674805,
  "sample_rate": 44100,
  "sections": 1,
  "seekable": 1,
  "sharpness": 2.902446985244751,
  "space": -1.5189869403839111
}