{
  "bands": [
    {
      "high_freq": 148.1999969482422,
      "loudness": -21.2835636138916,
      "loudness_range": 8.812820434570312,
      "mid_mean": -17.717586517333984,
      "mid_to_side_loudness": -19.33318328857422,
      "mid_to_side_loudness_range": 16.888629913330078,
      "side_mean": -37.20956039428711
    },
    {
      "high_freq": 392.3793640136719,
      "loudness": -21.884990692138672,
      "loudness_range": 9.124347686767578,
      "low_freq": 148.1999969482422,
      "mid_mean": -19.103561401367188,
      "mid_to_side_loudness": -7.263764381408691,
      "mid_to_side_loudness_range": 8.613642692565918,
      "side_mean": -26.28981590270996
    },
    {
      "high_freq": 794.6976318359375,
      "loudness": -24.843643188476562,
      "loudness_range": 14.166112899780273,
      "low_freq": 392.3793640136719,
      "mid_mean": -22.288476943969727,
      "mid_to_side_loudness": -6.295838356018066,
      "mid_to_side_loudness_range": 9.911876678466797,
      "side_mean": -28.60005760192871
    },
    {
      "high_freq": 1457.5709228515625,
      "loudness": -28.71219825744629,
      "loudness_range": 18.28805160522461,
      "low_freq": 794.6976318359375,
      "mid_mean": -26.035221099853516,
      "mid_to_side_loudness": -6.826153755187988,
      "mid_to_side_loudness_range": 9.734508514404297,
      "side_mean": -32.957645416259766
    },
    {
      "high_freq": 2549.74365234375,
      "loudness": -27.125396728515625,
      "loudness_range": 17.642833709716797,
      "low_freq": 1457.5709228515625,
      "mid_mean": -24.33811378479004,
      "mid_to_side_loudness": -7.07663631439209,
      "mid_to_side_loudness_range": 7.23317813873291,
      "side_mean": -31.569536209106445
    },
    {
      "high_freq": 4349.24462890625,
      "loudness": -28.49885368347168,
      "loudness_range": 17.932140350341797,
      "low_freq": 2549.74365234375,
      "mid_mean": -25.67394256591797,
      "mid_to_side_loudness": -7.41054105758667,
      "mid_to_side_loudness_range": 7.53946590423584,
      "side_mean": -33.24850082397461
    },
    {
      "high_freq": 7314.1640625,
      "loudness": -32.88982391357422,
      "loudness_range": 20.52591896057129,
      "low_freq": 4349.24462890625,
      "mid_mean": -30.092885971069336,
      "mid_to_side_loudness": -6.864831924438477,
      "mid_to_side_loudness_range": 6.334385395050049,
      "side_mean": -36.987953186035156
    },
    {
      "high_freq": 12199.2666015625,
      "loudness": -34.63011169433594,
      "loudness_range": 17.842540740966797,
      "low_freq": 7314.1640625,
      "mid_mean": -32.25896072387695,
      "mid_to_side_loudness": -4.868967533111572,
      "mid_to_side_loudness_range": 5.5172224044799805,
      "side_mean": -37.28110122680664
    },
    {
      "loudness": -38.99338912963867,
      "loudness_range": 17.04543113708496,
      "low_freq": 12199.2666015625,
      "mid_mean": -37.408538818359375,
      "mid_to_side_loudness": -2.285764217376709,
      "mid_to_side_loudness_range": 3.6921515464782715,
      "side_mean": -39.73973846435547
    }
  ],
  "bands_short": [
    {
      "high_freq": 148.1999969482422,
      "loudness": -23.207162857055664,
      "loudness_range": 14.870096206665039,
      "mid_mean": -19.66202735900879,
      "mid_to_side_loudness": -20.184906005859375,
      "mid_to_side_loudness_range": 23.636219024658203,
      "side_mean": -40.83609390258789
    },
    {
      "high_freq": 392.3793640136719,
      "loudness": -22.38895034790039,
      "loudness_range": 12.080016136169434,
      "low_freq": 148.1999969482422,
      "mid_mean": -19.55706214904785,
      "mid_to_side_loudness": -8.284737586975098,
      "mid_to_side_loudness_range": 12.418627738952637,
      "side_mean": -27.76407814025879
    },
    {
      "high_freq": 794.6976318359375,
      "loudness": -25.097349166870117,
      "loudness_range": 17.387664794921875,
      "low_freq": 392.3793640136719,
      "mid_mean": -22.84270477294922,
      "mid_to_side_loudness": -5.751611232757568,
      "mid_to_side_loudness_range": 13.60873031616211,
      "side_mean": -28.619089126586914
    },
    {
      "high_freq": 1457.5709228515625,
      "loudness": -29.937559127807617,
      "loudness_range": 22.319095611572266,
      "low_freq": 794.6976318359375,
      "mid_mean": -27.501815795898438,
      "mid_to_side_loudness": -6.245100975036621,
      "mid_to_side_loudness_range": 12.715790748596191,
      "side_mean": -33.819515228271484
    },
    {
      "high_freq": 2549.74365234375,
      "loudness": -28.772937774658203,
      "loudness_range": 21.689895629882812,
      "low_freq": 1457.5709228515625,
      "mid_mean": -26.21630096435547,
      "mid_to_side_loudness": -6.376483917236328,
      "mid_to_side_loudness_range": 9.849425315856934,
      "side_mean": -32.67615509033203
    },
    {
      "high_freq": 4349.24462890625,
      "loudness": -30.557655334472656,
      "loudness_range": 22.726049423217773,
      "low_freq": 2549.74365234375,
      "mid_mean": -28.000919342041016,
      "mid_to_side_loudness": -6.292632102966309,
      "mid_to_side_loudness_range": 9.545488357543945,
      "side_mean": -34.359066009521484
    },
    {
      "high_freq": 7314.1640625,
      "loudness": -36.050350189208984,
      "loudness_range": 24.685096740722656,
      "low_freq": 4349.24462890625,
      "mid_mean": -33.560726165771484,
      "mid_to_side_loudness": -5.730071544647217,
      "mid_to_side_loudness_range": 8.147218704223633,
      "side_mean": -39.394405364990234
    },
    {
      "high_freq": 12199.2666015625,
      "loudness": -37.84225845336914,
      "loudness_range": 25.60696792602539,
      "low_freq": 7314.1640625,
      "mid_mean": -35.65598678588867,
      "mid_to_side_loudness": -4.37388801574707,
      "mid_to_side_loudness_range": 6.621039867401123,
      "side_mean": -40.20945739746094
    },
    {
      "loudness": -43.384857177734375,
      "loudness_range": 26.12125015258789,
      "low_freq": 12199.2666015625,
      "mid_mean": -42.00910949707031,
      "mid_to_side_loudness": -2.2661986351013184,
      "mid_to_side_loudness_range": 4.259431838989258,
      "side_mean": -44.403011322021484
    }
  ],
  "channels": 2,
  "covariance": [
    [
      20.96915626525879,
      13.568521499633789,
      6.595078945159912,
      7.792737007141113,
      4.5998969078063965,
      4.884449005126953,
      5.141260147094727,
      5.526979923248291,
      6.301976203918457,
      6.1706318855285645,
      6.21463680267334,
      5.427555561065674,
      4.615771770477295,
      5.075521945953369,
      5.566651344299316,
      5.900167942047119,
      6.419936180114746,
      7.145167827606201
    ],
    [
      13.568521499633789,
      38.95383834838867,
      5.421310901641846,
      7.165765762329102,
      6.454225063323975,
      5.805832386016846,
      6.63860559463501,
      7.239528179168701,
      8.586097717285156,
      8.681754112243652,
      6.628526210784912,
      7.632437705993652,
      2.2278294563293457,
      4.045897006988525,
      4.943609237670898,
      4.6572771072387695,
      1.611319661140442,
      1.5246810913085938
    ],
    [
      6.595078945159912,
      5.421310901641846,
      15.486403465270996,
      11.713101387023926,
      11.223346710205078,
      9.396149635314941,
      10.422496795654297,
      10.450309753417969,
      11.312829971313477,
      10.730486869812012,
      10.64918327331543,
      10.163676261901855,
      8.975264549255371,
      8.610515594482422,
      9.224281311035156,
      8.47220516204834,
      7.608990669250488,
      7.207533359527588
    ],
    [
      7.792737007141113,
      7.165765762329102,
      11.713101387023926,
      18.37060546875,
      10.822211265563965,
      11.743288040161133,
      10.505027770996094,
      11.573506355285645,
      11.564791679382324,
      11.849587440490723,
      10.311047554016113,
      10.627446174621582,
      8.248003959655762,
      8.828633308410645,
      8.278334617614746,
      8.786378860473633,
      6.965521335601807,
      7.206850051879883
    ],
    [
      4.5998969078063965,
      6.454225063323975,
      11.223346710205078,
      10.822211265563965,
      29.394718170166016,
      21.465595245361328,
      23.989776611328125,
      22.30109405517578,
      20.729890823364258,
      20.23740577697754,
      17.175806045532227,
      18.22568702697754,
      11.180903434753418,
      12.044185638427734,
      10.43161392211914,
      10.572124481201172,
      7.829902648925781,
      8.335859298706055
    ],
    [
      4.884449005126953,
      5.805832386016846,
      9.396149635314941,
      11.743288040161133,
      21.465595245361328,
      27.74098777770996,
      19.643510818481445,
      24.44413185119629,
      20.01700210571289,
      23.238672256469727,
      15.463455200195312,
      19.26097869873047,
      10.62645149230957,
      13.187215805053711,
      9.407584190368652,
      11.013989448547363,
      7.586145401000977,
      9.176082611083984
    ],
    [
      5.141260147094727,
      6.63860559463501,
      10.422496795654297,
      10.505027770996094,
      23.989776611328125,
      19.643510818481445,
      44.53990173339844,
      36.74344253540039,
      31.518611907958984,
      31.879419326782227,
      28.778759002685547,
      29.21929931640625,
      23.154539108276367,
      24.105226516723633,
      21.77688980102539,
      22.307571411132812,
      17.07533836364746,
      18.198410034179688
    ],
    [
      5.526979923248291,
      7.239528179168701,
      10.450309753417969,
      11.573506355285645,
      22.30109405517578,
      24.44413185119629,
      36.74344253540039,
      42.287376403808594,
      31.622507095336914,
      36.46229553222656,
      27.608203887939453,
      31.863361358642578,
      21.097854614257812,
      24.145217895507812,
      19.403432846069336,
      21.801156997680664,
      15.399802207946777,
      17.44825553894043
    ],
    [
      6.301976203918457,
      8.586097717285156,
      11.312829971313477,
      11.564791679382324,
      20.729890823364258,
      20.01700210571289,
      31.518611907958984,
      31.622507095336914,
      44.53989791870117,
      40.95860290527344,
      36.808441162109375,
      35.501487731933594,
      28.3395938873291,
      30.024824142456055,
      26.08087158203125,
      27.55363655090332,
      19.908252716064453,
      21.7855281829834
    ],
    [
      6.1706318855285645,
      8.681754112243652,
      10.730486869812012,
      11.849587440490723,
      20.23740577697754,
      23.238672256469727,
      31.879419326782227,
      36.46229553222656,
      40.95860290527344,
      46.675079345703125,
      34.119136810302734,
      37.89392852783203,
      26.16918182373047,
      29.939964294433594,
      23.078657150268555,
      26.635820388793945,
      17.845102310180664,
      20.916189193725586
    ],
    [
      6.21463680267334,
      6.628526210784912,
      10.64918327331543,
      10.311047554016113,
      17.175806045532227,
      15.463455200195312,
      28.778759002685547,
      27.608203887939453,
      36.808441162109375,
      34.119136810302734,
      44.19477081298828,
      38.21062088012695,
      36.64861297607422,
      35.65665817260742,
      32.075721740722656,
      32.26052474975586,
      23.697509765625,
      24.838420867919922
    ],
    [
      5.427555561065674,
      7.632437705993652,
      10.163676261901855,
      10.627446174621582,
      18.22568702697754,
      19.26097869873047,
      29.21929931640625,
      31.863361358642578,
      35.501487731933594,
      37.89392852783203,
      38.21062088012695,
      41.40107345581055,
      31.771997451782227,
      34.115787506103516,
      27.57586669921875,
      29.944374084472656,
      20.330968856811523,
      22.938575744628906
    ],
    [
      4.615771770477295,
      2.2278294563293457,
      8.975264549255371,
      8.248003959655762,
      11.180903434753418,
      10.62645149230957,
      23.154539108276367,
      21.097854614257812,
      28.3395938873291,
      26.16918182373047,
      36.64861297607422,
      31.771997451782227,
      46.464202880859375,
      42.280296325683594,
      39.51001739501953,
      38.707157135009766,
      30.026323318481445,
      30.108366012573242
    ],
    [
      5.075521945953369,
      4.045897006988525,
      8.610515594482422,
      8.828633308410645,
      12.044185638427734,
      13.187215805053711,
      24.105226516723633,
      24.145217895507812,
      30.024824142456055,
      29.939964294433594,
      35.65665817260742,
      34.115787506103516,
      42.280296325683594,
      43.21413803100586,
      36.98605728149414,
      38.919410705566406,
      28.925586700439453,
      30.5211238861084
    ],
    [
      5.566651344299316,
      4.943609237670898,
      9.224281311035156,
      8.278334617614746,
      10.43161392211914,
      9.407584190368652,
      21.77688980102539,
      19.403432846069336,
      26.08087158203125,
      23.078657150268555,
      32.075721740722656,
      27.57586669921875,
      39.51001739501953,
      36.98605728149414,
      42.66751480102539,
      40.31462860107422,
      32.54058074951172,
      31.640644073486328
    ],
    [
      5.900167942047119,
      4.6572771072387695,
      8.47220516204834,
      8.786378860473633,
      10.572124481201172,
      11.013989448547363,
      22.307571411132812,
      21.801156997680664,
      27.55363655090332,
      26.635820388793945,
      32.26052474975586,
      29.944374084472656,
      38.707157135009766,
      38.919410705566406,
      40.31462860107422,
      43.0436897277832,
      33.04811096191406,
      34.26546096801758
    ],
    [
      6.419936180114746,
      1.611319661140442,
      7.608990669250488,
      6.965521335601807,
      7.829902648925781,
      7.586145401000977,
      17.07533836364746,
      15.399802207946777,
      19.908252716064453,
      17.845102310180664,
      23.697509765625,
      20.330968856811523,
      30.026323318481445,
      28.925586700439453,
      32.54058074951172,
      33.04811096191406,
      37.609371185302734,
      38.24117660522461
    ],
    [
      7.145167827606201,
      1.5246810913085938,
      7.207533359527588,
      7.206850051879883,
      8.335859298706055,
      9.176082611083984,
      18.198410034179688,
      17.44825553894043,
      21.7855281829834,
      20.916189193725586,
      24.838420867919922,
      22.938575744628906,
      30.108366012573242,
      30.5211238861084,
      31.640644073486328,
      34.26546096801758,
      38.24117660522461,
      42.82405471801758
    ]
  ],
  "covariance_short": [
    [
      36.90879440307617,
      18.384523391723633,
      14.743661880493164,
      9.656213760375977,
      8.00310230255127,
      8.056573867797852,
      6.993284225463867,
      7.036129474639893,
      7.4303765296936035,
      7.427622318267822,
      7.303077220916748,
      6.782626152038574,
      5.722110748291016,
      6.10292387008667,
      5.4612579345703125,
      5.901710033416748,
      7.009054183959961,
      7.6129584312438965
    ],
    [
      18.384523391723633,
      61.58822250366211,
      12.056772232055664,
      10.270170211791992,
      10.237110137939453,
      7.551772117614746,
      10.500462532043457,
      8.384157180786133,
      11.430898666381836,
      10.19612979888916,
      9.707024574279785,
      9.000653266906738,
      5.344021320343018,
      6.375696659088135,
      7.189916610717773,
      7.4828596115112305,
      5.568495750427246,
      6.035190105438232
    ],
    [
      14.743661880493164,
      12.056772232055664,
      25.037174224853516,
      15.953575134277344,
      15.530871391296387,
      13.250027656555176,
      14.552699089050293,
      13.963106155395508,
      15.236084938049316,
      13.856779098510742,
      14.885068893432617,
      13.24072551727295,
      12.955275535583496,
      12.332703590393066,
      12.306513786315918,
      11.83016300201416,
      11.905235290527344,
      12.098040580749512
    ],
    [
      9.656213760375977,
      10.270170211791992,
      15.953575134277344,
      27.309593200683594,
      15.592086791992188,
      15.99699592590332,
      14.278042793273926,
      15.241942405700684,
      14.438037872314453,
      14.24912166595459,
      12.616385459899902,
      12.673380851745605,
      9.563984870910645,
      10.272417068481445,
      10.045502662658691,
      10.445781707763672,
      8.371228218078613,
      8.749381065368652
    ],
    [
      8.00310230255127,
      10.237110137939453,
      15.530871391296387,
      15.592086791992188,
      46.07223129272461,
      28.845293045043945,
      35.51903533935547,
      28.8231201171875,
      31.474782943725586,
      26.440570831298828,
      28.276336669921875,
      24.940725326538086,
      18.643484115600586,
      17.962013244628906,
      16.821592330932617,
      15.677973747253418,
      12.964341163635254,
      13.044995307922363
    ],
    [
      8.056573867797852,
      7.551772117614746,
      13.250027656555176,
      15.99699592590332,
      28.845293045043945,
      37.043663024902344,
      27.348691940307617,
      29.21319580078125,
      27.88207244873047,
      27.8432559967041,
      24.676227569580078,
      25.063928604125977,
      16.535978317260742,
      17.492942810058594,
      13.196709632873535,
      14.217878341674805,
      11.210978507995605,
      12.198482513427734
    ],
    [
      6.993284225463867,
      10.500462532043457,
      14.552699089050293,
      14.278042793273926,
      35.51903533935547,
      27.348691940307617,
      64.91490936279297,
      48.22158432006836,
      46.465484619140625,
      40.627525329589844,
      44.44795227050781,
      39.481781005859375,
      32.65887451171875,
      32.04415512084961,
      29.738975524902344,
      28.811025619506836,
      24.51986312866211,
      25.057819366455078
    ],
    [
      7.036129474639893,
      8.384157180786133,
      13.963106155395508,
      15.241942405700684,
      28.8231201171875,
      29.21319580078125,
      48.22158432006836,
      53.58114242553711,
      41.853763580322266,
      42.5446891784668,
      39.83910369873047,
      39.98508071899414,
      29.70890235900879,
      31.563735961914062,
      25.33477210998535,
      26.741140365600586,
      21.84571075439453,
      23.40601348876953
    ],
    [
      7.4303765296936035,
      11.430898666381836,
      15.236084938049316,
      14.438037872314453,
      31.474782943725586,
      27.88207244873047,
      46.465484619140625,
      41.853763580322266,
      64.24263000488281,
      51.82093048095703,
      55.235023498535156,
      47.80440902709961,
      42.14665222167969,
      41.13028335571289,
      37.84647750854492,
      37.157840728759766,
      29.96660041809082,
      31.52031898498535
    ],
    [
      7.427622318267822,
      10.19612979888916,
      13.856779098510742,
      14.24912166595459,
      26.440570831298828,
      27.8432559967041,
      40.627525329589844,
      42.5446891784668,
      51.82093048095703,
      55.06243133544922,
      46.621009826660156,
      46.39007568359375,
      35.709739685058594,
      37.82523727416992,
      30.367971420288086,
      32.31721878051758,
      24.312429428100586,
      26.689233779907227
    ],
    [
      7.303077220916748,
      9.707024574279785,
      14.885068893432617,
      12.616385459899902,
      28.276336669921875,
      24.676227569580078,
      44.44795227050781,
      39.83910369873047,
      55.235023498535156,
      46.621009826660156,
      67.31584930419922,
      53.602027893066406,
      54.99250030517578,
      50.594303131103516,
      49.08985900878906,
      46.30742645263672,
      38.58356475830078,
      39.4522590637207
    ],
    [
      6.782626152038574,
      9.000653266906738,
      13.24072551727295,
      12.673380851745605,
      24.940725326538086,
      25.063928604125977,
      39.481781005859375,
      39.98508071899414,
      47.80440902709961,
      46.39007568359375,
      53.602027893066406,
      53.592166900634766,
      44.86033248901367,
      45.230064392089844,
      38.10009002685547,
      38.81748580932617,
      30.291189193725586,
      32.4836311340332
    ],
    [
      5.722110748291016,
      5.344021320343018,
      12.955275535583496,
      9.563984870910645,
      18.643484115600586,
      16.535978317260742,
      32.65887451171875,
      29.70890235900879,
      42.14665222167969,
      35.709739685058594,
      54.99250030517578,
      44.86033248901367,
      71.845947265625,
      61.9803466796875,
      63.6248779296875,
      60.09432601928711,
      55.23387145996094,
      55.737876892089844
    ],
    [
      6.10292387008667,
      6.375696659088135,
      12.332703590393066,
      10.272417068481445,
      17.962013244628906,
      17.492942810058594,
      32.04415512084961,
      31.563735961914062,
      41.13028335571289,
      37.82523727416992,
      50.594303131103516,
      45.230064392089844,
      61.9803466796875,
      61.716644287109375,
      55.49440002441406,
      56.055484771728516,
      48.979705810546875,
      51.11518859863281
    ],
    [
      5.4612579345703125,
      7.189916610717773,
      12.306513786315918,
      10.045502662658691,
      16.821592330932617,
      13.196709632873535,
      29.738975524902344,
      25.33477210998535,
      37.84647750854492,
      30.367971420288086,
      49.08985900878906,
      38.10009002685547,
      63.6248779296875,
      55.49440002441406,
      72.86782836914062,
      65.78457641601562,
      63.56907653808594,
      63.00513458251953
    ],
    [
      5.901710033416748,
      7.4828596115112305,
      11.83016300201416,
      10.445781707763672,
      15.677973747253418,
      14.217878341674805,
      28.811025619506836,
      26.741140365600586,
      37.157840728759766,
      32.31721878051758,
      46.30742645263672,
      38.81748580932617,
      60.09432601928711,
      56.055484771728516,
      65.78457641601562,
      66.60272216796875,
      61.70597839355469,
      63.38302230834961
    ],
    [
      7.009054183959961,
      5.568495750427246,
      11.905235290527344,
      8.371228218078613,
      12.964341163635254,
      11.210978507995605,
      24.51986312866211,
      21.84571075439453,
      29.96660041809082,
      24.312429428100586,
      38.58356475830078,
      30.291189193725586,
      55.23387145996094,
      48.979705810546875,
      63.56907653808594,
      61.70597839355469,
      81.46321105957031,
      81.1884536743164
    ],
    [
      7.6129584312438965,
      6.035190105438232,
      12.098040580749512,
      8.749381065368652,
      13.044995307922363,
      12.198482513427734,
      25.057819366455078,
      23.40601348876953,
      31.52031898498535,
      26.689233779907227,
      39.4522590637207,
      32.4836311340332,
      55.737876892089844,
      51.11518859863281,
      63.00513458251953,
      63.38302230834961,
      81.1884536743164,
      86.26616668701172
    ]
  ],
  "drr": 15.040521621704102,
  "dynamics": 2.9043707847595215,
  "format": 1245190,
  "frames": 11083776,
  "loudness": -11.847308158874512,
  "loudness_range": 7.7323994636535645,
  "loudness_range_short": 10.555545806884766,
  "peak": 1.2191089391708374,
  "rms": -13.681097030639648,
  "sample_rate": 44100,
  "sections": 1,
  "seekable": 1,
  "sharpness": 3.068176746368408,
  "space": -8.58756160736084
}