{
  "bands": [
    {
      "high_freq": 148.1999969482422,
      "loudness": -23.53592300415039,
      "loudness_range": 16.27191925048828,
      "mid_mean": -20.096145629882812,
      "mid_to_side_loudness": -17.2402286529541,
      "mid_to_side_loudness_range": 20.367055892944336,
      "side_mean": -37.658546447753906
    },
    {
      "high_freq": 392.3793640136719,
      "loudness": -22.167774200439453,
      "loudness_range": 8.38790512084961,
      "low_freq": 148.1999969482422,
      "mid_mean": -19.53750228881836,
      "mid_to_side_loudness": -6.250710487365723,
      "mid_to_side_loudness_range": 8.011733055114746,
      "side_mean": -25.836946487426758
    },
    {
      "high_freq": 794.6976318359375,
      "loudness": -24.329254150390625,
      "loudness_range": 12.416681289672852,
      "low_freq": 392.3793640136719,
      "mid_mean": -21.48881721496582,
      "mid_to_side_loudness": -7.7919158935546875,
      "mid_to_side_loudness_range": 11.159284591674805,
      "side_mean": -29.364723205566406
    },
    {
      "high_freq": 1457.5709228515625,
      "loudness": -25.307384490966797,
      "loudness_range": 16.20274543762207,
      "low_freq": 794.6976318359375,
      "mid_mean": -22.33260726928711,
      "mid_to_side_loudness": -8.928156852722168,
      "mid_to_side_loudness_range": 12.552474975585938,
      "side_mean": -31.422334671020508
    },
    {
      "high_freq": 2549.74365234375,
      "loudness": -24.819795608520508,
      "loudness_range": 17.679405212402344,
      "low_freq": 1457.5709228515625,
      "mid_mean": -21.891691207885742,
      "mid_to_side_loudness": -8.963409423828125,
      "mid_to_side_loudness_range": 13.01590633392334,
      "side_mean": -30.9709529876709
    },
    {
      "high_freq": 4349.24462890625,
      "loudness": -25.03279685974121,
      "loudness_range": 19.0864200592041,
      "low_freq": 2549.74365234375,
      "mid_mean": -21.877239227294922,
      "mid_to_side_loudness": -10.702363967895508,
      "mid_to_side_loudness_range": 12.842446327209473,
      "side_mean": -32.756229400634766
    },
    {
      "high_freq": 7314.1640625,
      "loudness": -29.234376907348633,
      "loudness_range": 14.350120544433594,
      "low_freq": 4349.24462890625,
      "mid_mean": -26.01078224182129,
      "mid_to_side_loudness": -10.979344367980957,
      "mid_to_side_loudness_range": 12.453325271606445,
      "side_mean": -37.140743255615234
    },
    {
      "high_freq": 12199.2666015625,
      "loudness": -33.900779724121094,
      "loudness_range": 13.065984725952148,
      "low_freq": 7314.1640625,
      "mid_mean": -31.077192306518555,
      "mid_to_side_loudness": -7.635430335998535,
      "mid_to_side_loudness_range": 10.616009712219238,
      "side_mean": -38.76079177856445
    },
    {
      "loudness": -37.994205474853516,
      "loudness_range": 11.999687194824219,
      "low_freq": 12199.2666015625,
      "mid_mean": -35.79020309448242,
      "mid_to_side_loudness": -4.759189128875732,
      "mid_to_side_loudness_range": 8.042163848876953,
      "side_mean": -40.47211837768555
    }
  ],
  "bands_short": [
    {
      "high_freq": 148.1999969482422,
      "loudness": -29.15730094909668,
      "loudness_range": 29.415054321289062,
      "mid_mean": -26.269668579101562,
      "mid_to_side_loudness": -13.360712051391602,
      "mid_to_side_loudness_range": 29.28019142150879,
      "side_mean": -42.322410583496094
    },
    {
      "high_freq": 392.3793640136719,
      "loudness": -22.91227912902832,
      "loudness_range": 12.97175407409668,
      "low_freq": 148.1999969482422,
      "mid_mean": -20.540082931518555,
      "mid_to_side_loudness": -6.033687591552734,
      "mid_to_side_loudness_range": 13.22490119934082,
      "side_mean": -26.669994354248047
    },
    {
      "high_freq": 794.6976318359375,
      "loudness": -24.822969436645508,
      "loudness_range": 14.94308090209961,
      "low_freq": 392.3793640136719,
      "mid_mean": -22.237812042236328,
      "mid_to_side_loudness": -7.197904109954834,
      "mid_to_side_loudness_range": 14.59575366973877,
      "side_mean": -29.556386947631836
    },
    {
      "high_freq": 1457.5709228515625,
      "loudness": -26.130998611450195,
      "loudness_range": 18.555919647216797,
      "low_freq": 794.6976318359375,
      "mid_mean": -23.43164825439453,
      "mid_to_side_loudness": -8.2016019821167,
      "mid_to_side_loudness_range": 16.267797470092773,
      "side_mean": -31.81792449951172
    },
    {
      "high_freq": 2549.74365234375,
      "loudness": -25.927101135253906,
      "loudness_range": 20.6112060546875,
      "low_freq": 1457.5709228515625,
      "mid_mean": -23.260456085205078,
      "mid_to_side_loudness": -7.951610565185547,
      "mid_to_side_loudness_range": 15.832867622375488,
      "side_mean": -31.43769645690918
    },
    {
      "high_freq": 4349.24462890625,
      "loudness": -26.536741256713867,
      "loudness_range": 22.82501983642578,
      "low_freq": 2549.74365234375,
      "mid_mean": -23.640697479248047,
      "mid_to_side_loudness": -9.101236343383789,
      "mid_to_side_loudness_range": 15.872519493103027,
      "side_mean": -33.244468688964844
    },
    {
      "high_freq": 7314.1640625,
      "loudness": -31.574810028076172,
      "loudness_range": 22.467205047607422,
      "low_freq": 4349.24462890625,
      "mid_mean": -28.705181121826172,
      "mid_to_side_loudness": -9.036428451538086,
      "mid_to_side_loudness_range": 15.454237937927246,
      "side_mean": -38.24895095825195
    },
    {
      "high_freq": 12199.2666015625,
      "loudness": -37.27253341674805,
      "loudness_range": 22.645587921142578,
      "low_freq": 7314.1640625,
      "mid_mean": -34.689537048339844,
      "mid_to_side_loudness": -7.111809253692627,
      "mid_to_side_loudness_range": 13.813444137573242,
      "side_mean": -42.179527282714844
    },
    {
      "loudness": -42.826045989990234,
      "loudness_range": 24.518619537353516,
      "low_freq": 12199.2666015625,
      "mid_mean": -40.51131820678711,
      "mid_to_side_loudness": -5.736180305480957,
      "mid_to_side_loudness_range": 12.123100280761719,
      "side_mean": -46.74626159667969
    }
  ],
  "channels": 2,
  "covariance": [
    [
      42.07485580444336,
      22.202598571777344,
      9.26573657989502,
      8.270291328430176,
      4.806839942932129,
      5.936897277832031,
      2.1544032096862793,
      4.435087203979492,
      3.569206714630127,
      7.009199619293213,
      2.1399142742156982,
      6.723021030426025,
      -0.1816549152135849,
      7.011098861694336,
      -0.33489033579826355,
      6.6085286140441895,
      0.956576406955719,
      1.6139754056930542
    ],
    [
      22.202598571777344,
      49.65562057495117,
      9.980047225952148,
      8.770981788635254,
      3.6040470600128174,
      1.9288005828857422,
      -2.206934928894043,
      -2.6613078117370605,
      -0.10374817997217178,
      -1.4876383543014526,
      2.5158896446228027,
      1.2428330183029175,
      3.0103557109832764,
      4.270454406738281,
      3.629263401031494,
      9.041415214538574,
      2.4845073223114014,
      5.647710800170898
    ],
    [
      9.26573657989502,
      9.980047225952148,
      12.956277847290039,
      10.434046745300293,
      9.090904235839844,
      8.061844825744629,
      7.028564453125,
      7.563213348388672,
      8.188509941101074,
      7.799307346343994,
      8.924216270446777,
      8.61021614074707,
      7.395750522613525,
      7.601562976837158,
      5.887016773223877,
      6.5471882820129395,
      5.133674621582031,
      5.334503650665283
    ],
    [
      8.270291328430176,
      8.770981788635254,
      10.434046745300293,
      17.89214515686035,
      6.543088436126709,
      10.534479141235352,
      7.5685529708862305,
      11.349525451660156,
      11.162431716918945,
      14.400175094604492,
      12.652019500732422,
      15.564923286437988,
      9.600675582885742,
      13.132861137390137,
      7.638389587402344,
      7.686638355255127,
      6.620387554168701,
      5.323601245880127
    ],
    [
      4.806839942932129,
      3.6040470600128174,
      9.090904235839844,
      6.543088436126709,
      23.401813507080078,
      12.912286758422852,
      17.866626739501953,
      12.07411003112793,
      18.692949295043945,
      10.870859146118164,
      16.064449310302734,
      10.53071117401123,
      12.106645584106445,
      7.902688026428223,
      9.077835083007812,
      7.034431457519531,
      7.672548294067383,
      5.69805383682251
    ],
    [
      5.936897277832031,
      1.9288005828857422,
      8.061844825744629,
      10.534479141235352,
      12.912286758422852,
      18.27351951599121,
      12.977764129638672,
      16.055126190185547,
      13.775230407714844,
      17.06985855102539,
      12.445613861083984,
      16.384302139282227,
      9.435323715209961,
      12.913289070129395,
      8.314215660095215,
      7.335665702819824,
      7.829599380493164,
      4.74133825302124
    ],
    [
      2.1544032096862793,
      -2.206934928894043,
      7.028564453125,
      7.5685529708862305,
      17.866626739501953,
      12.977764129638672,
      33.762046813964844,
      19.195148468017578,
      29.846824645996094,
      18.86513900756836,
      28.625335693359375,
      20.43805503845215,
      20.22181510925293,
      14.665186882019043,
      14.725510597229004,
      8.251784324645996,
      10.749399185180664,
      5.569798946380615
    ],
    [
      4.435087203979492,
      -2.6613078117370605,
      7.563213348388672,
      11.349525451660156,
      12.07411003112793,
      16.055126190185547,
      19.195148468017578,
      24.9525203704834,
      20.31171226501465,
      24.981081008911133,
      19.259502410888672,
      25.504568099975586,
      13.896126747131348,
      19.495580673217773,
      11.53416919708252,
      8.975069999694824,
      9.950244903564453,
      5.1248931884765625
    ],
    [
      3.569206714630127,
      -0.10374817997217178,
      8.188509941101074,
      11.162431716918945,
      18.692949295043945,
      13.775230407714844,
      29.846824645996094,
      20.31171226501465,
      42.824703216552734,
      28.312530517578125,
      42.190330505371094,
      30.108243942260742,
      29.640302658081055,
      21.545032501220703,
      21.6004581451416,
      10.050446510314941,
      15.303775787353516,
      6.922569274902344
    ],
    [
      7.009199619293213,
      -1.4876383543014526,
      7.799307346343994,
      14.400175094604492,
      10.870859146118164,
      17.06985855102539,
      18.86513900756836,
      24.981081008911133,
      28.312530517578125,
      34.99691390991211,
      28.56633186340332,
      34.81772994995117,
      19.67555046081543,
      26.07459259033203,
      15.843979835510254,
      10.211727142333984,
      13.318105697631836,
      5.6602959632873535
    ],
    [
      2.1399142742156982,
      2.5158896446228027,
      8.924216270446777,
      12.652019500732422,
      16.064449310302734,
      12.445613861083984,
      28.625335693359375,
      19.259502410888672,
      42.190330505371094,
      28.56633186340332,
      49.359561920166016,
      34.34761428833008,
      35.674076080322266,
      25.60494041442871,
      26.352336883544922,
      12.648205757141113,
      18.218196868896484,
      9.172935485839844
    ],
    [
      6.723021030426025,
      1.2428330183029175,
      8.61021614074707,
      15.564923286437988,
      10.53071117401123,
      16.384302139282227,
      20.43805503845215,
      25.504568099975586,
      30.108243942260742,
      34.81772994995117,
      34.34761428833008,
      42.56816101074219,
      24.21025276184082,
      31.907649993896484,
      19.269500732421875,
      13.708288192749023,
      14.575862884521484,
      6.704355716705322
    ],
    [
      -0.1816549152135849,
      3.0103557109832764,
      7.395750522613525,
      9.600675582885742,
      12.106645584106445,
      9.435323715209961,
      20.22181510925293,
      13.896126747131348,
      29.640302658081055,
      19.67555046081543,
      35.674076080322266,
      24.21025276184082,
      30.957929611206055,
      20.430299758911133,
      24.308300018310547,
      12.032014846801758,
      17.042531967163086,
      9.221959114074707
    ],
    [
      7.011098861694336,
      4.270454406738281,
      7.601562976837158,
      13.132861137390137,
      7.902688026428223,
      12.913289070129395,
      14.665186882019043,
      19.495580673217773,
      21.545032501220703,
      26.07459259033203,
      25.60494041442871,
      31.907649993896484,
      20.430299758911133,
      29.83282470703125,
      17.66518211364746,
      16.141828536987305,
      13.79358196258545,
      8.671109199523926
    ],
    [
      -0.33489033579826355,
      3.629263401031494,
      5.887016773223877,
      7.638389587402344,
      9.077835083007812,
      8.314215660095215,
      14.725510597229004,
      11.53416919708252,
      21.6004581451416,
      15.843979835510254,
      26.352336883544922,
      19.269500732421875,
      24.308300018310547,
      17.66518211364746,
      25.65854263305664,
      14.284982681274414,
      18.990760803222656,
      10.771310806274414
    ],
    [
      6.6085286140441895,
      9.041415214538574,
      6.5471882820129395,
      7.686638355255127,
      7.034431457519531,
      7.335665702819824,
      8.251784324645996,
      8.975069999694824,
      10.050446510314941,
      10.211727142333984,
      12.648205757141113,
      13.708288192749023,
      12.032014846801758,
      16.141828536987305,
      14.284982681274414,
      17.238079071044922,
      12.797049522399902,
      12.215107917785645
    ],
    [
      0.956576406955719,
      2.4845073223114014,
      5.133674621582031,
      6.620387554168701,
      7.672548294067383,
      7.829599380493164,
      10.749399185180664,
      9.950244903564453,
      15.303775787353516,
      13.318105697631836,
      18.218196868896484,
      14.575862884521484,
      17.042531967163086,
      13.79358196258545,
      18.990760803222656,
      12.797049522399902,
      20.359210968017578,
      14.880720138549805
    ],
    [
      1.6139754056930542,
      5.647710800170898,
      5.334503650665283,
      5.323601245880127,
      5.69805383682251,
      4.74133825302124,
      5.569798946380615,
      5.1248931884765625,
      6.922569274902344,
      5.6602959632873535,
      9.172935485839844,
      6.704355716705322,
      9.221959114074707,
      8.671109199523926,
      10.771310806274414,
      12.215107917785645,
      14.880720138549805,
      19.71893310546875
    ]
  ],
  "covariance_short": [
    [
      132.4735870361328,
      33.796241760253906,
      26.053503036499023,
      12.573808670043945,
      12.542861938476562,
      8.49853229522705,
      6.695746421813965,
      8.28864860534668,
      5.041015148162842,
      8.087435722351074,
      4.333743572235107,
      9.231510162353516,
      5.2851386070251465,
      11.961468696594238,
      7.906749725341797,
      20.425748825073242,
      11.155754089355469,
      24.097930908203125
    ],
    [
      33.796241760253906,
      71.62838745117188,
      16.585451126098633,
      13.176637649536133,
      4.137631416320801,
      1.2210757732391357,
      -1.4751086235046387,
      -3.06120228767395,
      -2.010636806488037,
      -3.3290505409240723,
      0.5746297240257263,
      -0.745943546295166,
      3.6869988441467285,
      2.868307590484619,
      4.9871296882629395,
      10.433162689208984,
      5.652074337005615,
      12.445676803588867
    ],
    [
      26.053503036499023,
      16.585451126098633,
      27.551721572875977,
      14.571714401245117,
      13.391393661499023,
      8.251891136169434,
      9.666781425476074,
      7.242244720458984,
      9.934747695922852,
      6.863081932067871,
      11.840271949768066,
      8.692864418029785,
      12.482305526733398,
      9.468779563903809,
      12.861936569213867,
      14.56285285949707,
      13.488603591918945,
      17.51953125
    ],
    [
      12.573808670043945,
      13.176637649536133,
      14.571714401245117,
      25.51563835144043,
      7.1947340965271,
      10.543652534484863,
      7.716187953948975,
      10.911687850952148,
      11.413500785827637,
      14.282930374145508,
      13.7507905960083,
      16.064090728759766,
      12.962836265563965,
      15.057936668395996,
      11.675294876098633,
      12.2130126953125,
      10.368785858154297,
      11.065512657165527
    ],
    [
      12.542861938476562,
      4.137631416320801,
      13.391393661499023,
      7.1947340965271,
      33.83815002441406,
      15.396122932434082,
      25.616905212402344,
      14.54310417175293,
      26.128969192504883,
      13.502633094787598,
      24.593809127807617,
      13.784811973571777,
      20.893383026123047,
      12.187295913696289,
      18.531240463256836,
      12.912839889526367,
      15.909981727600098,
      12.95835018157959
    ],
    [
      8.49853229522705,
      1.2210757732391357,
      8.251891136169434,
      10.543652534484863,
      15.396122932434082,
      23.976701736450195,
      15.04102897644043,
      17.62386703491211,
      16.191478729248047,
      19.33186149597168,
      15.370196342468262,
      18.990585327148438,
      13.323901176452637,
      16.877870559692383,
      13.23532772064209,
      12.515205383300781,
      12.085856437683105,
      10.1299409866333
    ],
    [
      6.695746421813965,
      -1.4751086235046387,
      9.666781425476074,
      7.716187953948975,
      25.616905212402344,
      15.04102897644043,
      49.73678207397461,
      22.792253494262695,
      42.69902038574219,
      22.5833683013916,
      43.59870529174805,
      25.426334381103516,
      36.68417739868164,
      20.952091217041016,
      31.371971130371094,
      16.979841232299805,
      24.24620246887207,
      13.809103012084961
    ],
    [
      8.28864860534668,
      -3.06120228767395,
      7.242244720458984,
      10.911687850952148,
      14.54310417175293,
      17.62386703491211,
      22.792253494262695,
      29.868038177490234,
      24.057180404663086,
      27.133544921875,
      24.21537971496582,
      28.53588104248047,
      20.686691284179688,
      24.42607307434082,
      19.609024047851562,
      16.843082427978516,
      16.344614028930664,
      12.388153076171875
    ],
    [
      5.041015148162842,
      -2.010636806488037,
      9.934747695922852,
      11.413500785827637,
      26.128969192504883,
      16.191478729248047,
      42.69902038574219,
      24.057180404663086,
      59.673397064208984,
      32.66835403442383,
      59.254371643066406,
      35.83734893798828,
      50.8886833190918,
      29.38275909423828,
      43.646080017089844,
      20.886470794677734,
      33.7129020690918,
      16.89564323425293
    ],
    [
      8.087435722351074,
      -3.3290505409240723,
      6.863081932067871,
      14.282930374145508,
      13.502633094787598,
      19.33186149597168,
      22.5833683013916,
      27.133544921875,
      32.66835403442383,
      40.339332580566406,
      34.20853805541992,
      38.96607208251953,
      29.46787452697754,
      32.852752685546875,
      26.454647064208984,
      19.67474937438965,
      21.468366622924805,
      13.803624153137207
    ],
    [
      4.333743572235107,
      0.5746297240257263,
      11.840271949768066,
      13.7507905960083,
      24.593809127807617,
      15.370196342468262,
      43.59870529174805,
      24.21537971496582,
      59.254371643066406,
      34.20853805541992,
      75.05868530273438,
      42.546287536621094,
      65.01483154296875,
      36.132720947265625,
      54.70729064941406,
      27.096952438354492,
      43.0591926574707,
      23.128450393676758
    ],
    [
      9.231510162353516,
      -0.745943546295166,
      8.692864418029785,
      16.064090728759766,
      13.784811973571777,
      18.990585327148438,
      25.426334381103516,
      28.53588104248047,
      35.83734893798828,
      38.96607208251953,
      42.546287536621094,
      50.00961685180664,
      37.79915237426758,
      40.59608459472656,
      33.79506301879883,
      26.21046257019043,
      26.957677841186523,
      18.704761505126953
    ],
    [
      5.2851386070251465,
      3.6869988441467285,
      12.482305526733398,
      12.962836265563965,
      20.893383026123047,
      13.323901176452637,
      36.68417739868164,
      20.686691284179688,
      50.8886833190918,
      29.46787452697754,
      65.01483154296875,
      37.79915237426758,
      70.00898742675781,
      36.751522064208984,
      60.12028121948242,
      33.195247650146484,
      50.613651275634766,
      31.954845428466797
    ],
    [
      11.961468696594238,
      2.868307590484619,
      9.468779563903809,
      15.057936668395996,
      12.187295913696289,
      16.877870559692383,
      20.952091217041016,
      24.42607307434082,
      29.38275909423828,
      32.852752685546875,
      36.132720947265625,
      40.59608459472656,
      36.751522064208984,
      44.492103576660156,
      35.75072479248047,
      34.28439712524414,
      30.939289093017578,
      28.471500396728516
    ],
    [
      7.906749725341797,
      4.9871296882629395,
      12.861936569213867,
      11.675294876098633,
      18.531240463256836,
      13.23532772064209,
      31.371971130371094,
      19.609024047851562,
      43.646080017089844,
      26.454647064208984,
      54.70729064941406,
      33.79506301879883,
      60.12028121948242,
      35.75072479248047,
      70.72473907470703,
      43.87761688232422,
      63.86527633666992,
      44.265132904052734
    ],
    [
      20.425748825073242,
      10.433162689208984,
      14.56285285949707,
      12.2130126953125,
      12.912839889526367,
      12.515205383300781,
      16.979841232299805,
      16.843082427978516,
      20.886470794677734,
      19.67474937438965,
      27.096952438354492,
      26.21046257019043,
      33.195247650146484,
      34.28439712524414,
      43.87761688232422,
      52.86890411376953,
      45.449195861816406,
      53.2000617980957
    ],
    [
      11.155754089355469,
      5.652074337005615,
      13.488603591918945,
      10.368785858154297,
      15.909981727600098,
      12.085856437683105,
      24.24620246887207,
      16.344614028930664,
      33.7129020690918,
      21.468366622924805,
      43.0591926574707,
      26.957677841186523,
      50.613651275634766,
      30.939289093017578,
      63.86527633666992,
      45.449195861816406,
      71.15657043457031,
      54.783111572265625
    ],
    [
      24.097930908203125,
      12.445676803588867,
      17.51953125,
      11.065512657165527,
      12.95835018157959,
      10.1299409866333,
      13.809103012084961,
      12.388153076171875,
      16.89564323425293,
      13.803624153137207,
      23.128450393676758,
      18.704761505126953,
      31.954845428466797,
      28.471500396728516,
      44.265132904052734,
      53.2000617980957,
      54.783111572265625,
      73.02212524414062
    ]
  ],
  "drr": 13.038458824157715,
  "dynamics": 3.3325083255767822,
  "format": 1245190,
  "frames": 11332544,
  "loudness": -11.166022300720215,
  "loudness_range": 8.510311126708984,
  "loudness_range_short": 12.509419441223145,
  "peak": 0.6387737989425659,
  "rms": -13.006672859191895,
  "sample_rate": 44100,
  "sections": 1,
  "seekable": 1,
  "sharpness": 3.1546566486358643,
  "space": -9.017976760864258
}