{
  "bands": [
    {
      "high_freq": 148.1999969482422,
      "loudness": -16.692218780517578,
      "loudness_range": 9.482975006103516,
      "mid_mean": -13.674751281738281,
      "mid_to_side_loudness": -10.330018997192383,
      "mid_to_side_loudness_range": 17.616687774658203,
      "side_mean": -25.397512435913086
    },
    {
      "high_freq": 392.3793640136719,
      "loudness": -19.954504013061523,
      "loudness_range": 8.037341117858887,
      "low_freq": 148.1999969482422,
      "mid_mean": -17.25564956665039,
      "mid_to_side_loudness": -6.673788070678711,
      "mid_to_side_loudness_range": 10.87099552154541,
      "side_mean": -24.426706314086914
    },
    {
      "high_freq": 794.6976318359375,
      "loudness": -22.768108367919922,
      "loudness_range": 9.023818969726562,
      "low_freq": 392.3793640136719,
      "mid_mean": -20.490724563598633,
      "mid_to_side_loudness": -4.754728317260742,
      "mid_to_side_loudness_range": 10.0106201171875,
      "side_mean": -25.716882705688477
    },
    {
      "high_freq": 1457.5709228515625,
      "loudness": -22.512163162231445,
      "loudness_range": 7.745979309082031,
      "low_freq": 794.6976318359375,
      "mid_mean": -20.274179458618164,
      "mid_to_side_loudness": -4.373923301696777,
      "mid_to_side_loudness_range": 6.315156936645508,
      "side_mean": -24.72622299194336
    },
    {
      "high_freq": 2549.74365234375,
      "loudness": -19.860868453979492,
      "loudness_range": 10.651738166809082,
      "low_freq": 1457.5709228515625,
      "mid_mean": -17.794294357299805,
      "mid_to_side_loudness": -3.7272772789001465,
      "mid_to_side_loudness_range": 5.71030330657959,
      "side_mean": -21.7326602935791
    },
    {
      "high_freq": 4349.24462890625,
      "loudness": -20.701873779296875,
      "loudness_range": 13.997146606445312,
      "low_freq": 2549.74365234375,
      "mid_mean": -18.63947105407715,
      "mid_to_side_loudness": -3.9329659938812256,
      "mid_to_side_loudness_range": 7.063761234283447,
      "side_mean": -23.11330223083496
    },
    {
      "high_freq": 7314.1640625,
      "loudness": -24.45482063293457,
      "loudness_range": 12.550636291503906,
      "low_freq": 4349.24462890625,
      "mid_mean": -22.568191528320312,
      "mid_to_side_loudness": -3.7077865600585938,
      "mid_to_side_loudness_range": 6.061903953552246,
      "side_mean": -26.674047470092773
    },
    {
      "high_freq": 12199.2666015625,
      "loudness": -26.998937606811523,
      "loudness_range": 13.360536575317383,
      "low_freq": 7314.1640625,
      "mid_mean": -25.34710693359375,
      "mid_to_side_loudness": -3.07204270362854,
      "mid_to_side_loudness_range": 5.978508949279785,
      "side_mean": -28.589473724365234
    },
    {
      "loudness": -31.453289031982422,
      "loudness_range": 14.502969741821289,
      "low_freq": 12199.2666015625,
      "mid_mean": -30.418216705322266,
      "mid_to_side_loudness": -3.121488094329834,
      "mid_to_side_loudness_range": 7.501428604125977,
      "side_mean": -33.40025329589844
    }
  ],
  "bands_short": [
    {
      "high_freq": 148.1999969482422,
      "loudness": -19.860891342163086,
      "loudness_range": 17.077747344970703,
      "mid_mean": -17.272239685058594,
      "mid_to_side_loudness": -10.273726463317871,
      "mid_to_side_loudness_range": 27.019519805908203,
      "side_mean": -29.48401641845703
    },
    {
      "high_freq": 392.3793640136719,
      "loudness": -19.367307662963867,
      "loudness_range": 13.404007911682129,
      "low_freq": 148.1999969482422,
      "mid_mean": -17.10310935974121,
      "mid_to_side_loudness": -6.0423808097839355,
      "mid_to_side_loudness_range": 16.557348251342773,
      "side_mean": -23.583175659179688
    },
    {
      "high_freq": 794.6976318359375,
      "loudness": -22.999094009399414,
      "loudness_range": 11.046506881713867,
      "low_freq": 392.3793640136719,
      "mid_mean": -20.87547492980957,
      "mid_to_side_loudness": -4.7482075691223145,
      "mid_to_side_loudness_range": 12.6385498046875,
      "side_mean": -25.965845108032227
    },
    {
      "high_freq": 1457.5709228515625,
      "loudness": -22.84140396118164,
      "loudness_range": 10.518768310546875,
      "low_freq": 794.6976318359375,
      "mid_mean": -20.75794792175293,
      "mid_to_side_loudness": -4.267799377441406,
      "mid_to_side_loudness_range": 9.93691349029541,
      "side_mean": -25.115461349487305
    },
    {
      "high_freq": 2549.74365234375,
      "loudness": -20.2133846282959,
      "loudness_range": 12.660782814025879,
      "low_freq": 1457.5709228515625,
      "mid_mean": -18.255752563476562,
      "mid_to_side_loudness": -3.6722371578216553,
      "mid_to_side_loudness_range": 8.894819259643555,
      "side_mean": -22.159318923950195
    },
    {
      "high_freq": 4349.24462890625,
      "loudness": -21.130603790283203,
      "loudness_range": 16.35832977294922,
      "low_freq": 2549.74365234375,
      "mid_mean": -19.22040367126465,
      "mid_to_side_loudness": -3.8004279136657715,
      "mid_to_side_loudness_range": 9.409625053405762,
      "side_mean": -23.44907569885254
    },
    {
      "high_freq": 7314.1640625,
      "loudness": -24.992069244384766,
      "loudness_range": 16.258682250976562,
      "low_freq": 4349.24462890625,
      "mid_mean": -23.243688583374023,
      "mid_to_side_loudness": -3.3993959426879883,
      "mid_to_side_loudness_range": 7.536961078643799,
      "side_mean": -27.032142639160156
    },
    {
      "high_freq": 12199.2666015625,
      "loudness": -27.613605499267578,
      "loudness_range": 15.795328140258789,
      "low_freq": 7314.1640625,
      "mid_mean": -26.281429290771484,
      "mid_to_side_loudness": -2.8867037296295166,
      "mid_to_side_loudness_range": 7.795440673828125,
      "side_mean": -29.322803497314453
    },
    {
      "loudness": -32.78530502319336,
      "loudness_range": 20.804105758666992,
      "low_freq": 12199.2666015625,
      "mid_mean": -31.82691192626953,
      "mid_to_side_loudness": -2.844769239425659,
      "mid_to_side_loudness_range": 8.845703125,
      "side_mean": -34.66087341308594
    }
  ],
  "channels": 2,
  "covariance": [
    [
      22.417692184448242,
      2.8331849575042725,
      8.963988304138184,
      0.6912615895271301,
      9.93503189086914,
      4.1951141357421875,
      10.226530075073242,
      7.547094821929932,
      14.629315376281738,
      13.857172966003418,
      17.88943862915039,
      20.160341262817383,
      18.722244262695312,
      19.446298599243164,
      15.381495475769043,
      15.25645637512207,
      16.12921142578125,
      13.031843185424805
    ],
    [
      2.8331849575042725,
      50.06334686279297,
      7.0509443283081055,
      17.254323959350586,
      7.035733699798584,
      -2.3587210178375244,
      7.072373867034912,
      6.443879127502441,
      11.826018333435059,
      8.84072208404541,
      14.623372077941895,
      12.497593879699707,
      12.317212104797363,
      11.200697898864746,
      9.48227310180664,
      6.365205764770508,
      12.612372398376465,
      6.821425914764404
    ],
    [
      8.963988304138184,
      7.0509443283081055,
      10.82622241973877,
      6.2400946617126465,
      6.638655662536621,
      3.5154542922973633,
      6.847189426422119,
      5.5219316482543945,
      9.331880569458008,
      8.499604225158691,
      10.043996810913086,
      10.65601634979248,
      8.463603019714355,
      8.667594909667969,
      6.708744525909424,
      6.181169033050537,
      5.91510009765625,
      3.3023195266723633
    ],
    [
      0.6912615895271301,
      17.254323959350586,
      6.2400946617126465,
      17.75922966003418,
      4.188350677490234,
      3.524545907974243,
      4.826900959014893,
      5.370573997497559,
      6.137567043304443,
      5.3490729331970215,
      4.92038106918335,
      4.88259744644165,
      2.735745429992676,
      2.9915006160736084,
      0.6028987169265747,
      0.5169631242752075,
      -1.7393157482147217,
      -3.1191577911376953
    ],
    [
      9.93503189086914,
      7.035733699798584,
      6.638655662536621,
      4.188350677490234,
      17.9799861907959,
      7.718713283538818,
      10.124444007873535,
      7.355225563049316,
      14.641203880310059,
      11.86095142364502,
      15.200407981872559,
      14.646795272827148,
      11.850973129272461,
      10.892170906066895,
      8.062508583068848,
      6.888952732086182,
      7.580015182495117,
      4.720894813537598
    ],
    [
      4.1951141357421875,
      -2.3587210178375244,
      3.5154542922973633,
      3.524545907974243,
      7.718713283538818,
      12.765241622924805,
      6.025474548339844,
      4.0854291915893555,
      7.762624263763428,
      6.910465240478516,
      4.829527854919434,
      6.305408000946045,
      2.1176505088806152,
      2.3014864921569824,
      1.0703364610671997,
      1.908744215965271,
      -1.510879635810852,
      -0.16031597554683685
    ],
    [
      10.226530075073242,
      7.072373867034912,
      6.847189426422119,
      4.826900959014893,
      10.124444007873535,
      6.025474548339844,
      16.605928421020508,
      11.069896697998047,
      14.896450996398926,
      13.502300262451172,
      14.553753852844238,
      16.12661361694336,
      11.651205062866211,
      11.240049362182617,
      7.6484694480896,
      6.3210859298706055,
      7.330597400665283,
      3.264827013015747
    ],
    [
      7.547094821929932,
      6.443879127502441,
      5.5219316482543945,
      5.370573997497559,
      7.355225563049316,
      4.0854291915893555,
      11.069896697998047,
      11.425066947937012,
      9.606884002685547,
      9.943791389465332,
      8.868488311767578,
      11.072369575500488,
      7.53307580947876,
      8.281195640563965,
      4.186764717102051,
      4.0574517250061035,
      2.703341245651245,
      0.7767043113708496
    ],
    [
      14.629315376281738,
      11.826018333435059,
      9.331880569458008,
      6.137567043304443,
      14.641203880310059,
      7.762624263763428,
      14.896450996398926,
      9.606884002685547,
      25.133590698242188,
      19.97270393371582,
      23.421415328979492,
      21.41498565673828,
      19.25933837890625,
      17.979764938354492,
      14.385523796081543,
      12.126565933227539,
      14.443424224853516,
      8.657380104064941
    ],
    [
      13.857172966003418,
      8.84072208404541,
      8.499604225158691,
      5.3490729331970215,
      11.86095142364502,
      6.910465240478516,
      13.502300262451172,
      9.943791389465332,
      19.97270393371582,
      21.043563842773438,
      18.017587661743164,
      19.407949447631836,
      14.954920768737793,
      15.377614974975586,
      11.59574031829834,
      10.324254035949707,
      12.104087829589844,
      8.468509674072266
    ],
    [
      17.88943862915039,
      14.623372077941895,
      10.043996810913086,
      4.92038106918335,
      15.200407981872559,
      4.829527854919434,
      14.553753852844238,
      8.868488311767578,
      23.421415328979492,
      18.017587661743164,
      37.95537567138672,
      29.08473777770996,
      31.845056533813477,
      29.802371978759766,
      24.58509635925293,
      21.062028884887695,
      25.627986907958984,
      17.466655731201172
    ],
    [
      20.160341262817383,
      12.497593879699707,
      10.65601634979248,
      4.88259744644165,
      14.646795272827148,
      6.305408000946045,
      16.12661361694336,
      11.072369575500488,
      21.41498565673828,
      19.407949447631836,
      29.08473777770996,
      33.243202209472656,
      26.192930221557617,
      26.798227310180664,
      21.44833755493164,
      19.16648292541504,
      23.09840202331543,
      16.566652297973633
    ],
    [
      18.722244262695312,
      12.317212104797363,
      8.463603019714355,
      2.735745429992676,
      11.850973129272461,
      2.1176505088806152,
      11.651205062866211,
      7.53307580947876,
      19.25933837890625,
      14.954920768737793,
      31.845056533813477,
      26.192930221557617,
      40.10272216796875,
      36.34195327758789,
      30.09104347229004,
      26.28446388244629,
      30.432825088500977,
      21.50689697265625
    ],
    [
      19.446298599243164,
      11.200697898864746,
      8.667594909667969,
      2.9915006160736084,
      10.892170906066895,
      2.3014864921569824,
      11.240049362182617,
      8.281195640563965,
      17.979764938354492,
      15.377614974975586,
      29.802371978759766,
      26.798227310180664,
      36.34195327758789,
      37.89748001098633,
      27.71875762939453,
      25.588102340698242,
      27.455419540405273,
      20.097875595092773
    ],
    [
      15.381495475769043,
      9.48227310180664,
      6.708744525909424,
      0.6028987169265747,
      8.062508583068848,
      1.0703364610671997,
      7.6484694480896,
      4.186764717102051,
      14.385523796081543,
      11.59574031829834,
      24.58509635925293,
      21.44833755493164,
      30.09104347229004,
      27.71875762939453,
      39.20451354980469,
      32.894386291503906,
      41.148468017578125,
      30.31143569946289
    ],
    [
      15.25645637512207,
      6.365205764770508,
      6.181169033050537,
      0.5169631242752075,
      6.888952732086182,
      1.908744215965271,
      6.3210859298706055,
      4.0574517250061035,
      12.126565933227539,
      10.324254035949707,
      21.062028884887695,
      19.16648292541504,
      26.28446388244629,
      25.588102340698242,
      32.894386291503906,
      35.06232452392578,
      36.341758728027344,
      29.55347442626953
    ],
    [
      16.12921142578125,
      12.612372398376465,
      5.91510009765625,
      -1.7393157482147217,
      7.580015182495117,
      -1.510879635810852,
      7.330597400665283,
      2.703341245651245,
      14.443424224853516,
      12.104087829589844,
      25.627986907958984,
      23.09840202331543,
      30.432825088500977,
      27.455419540405273,
      41.148468017578125,
      36.341758728027344,
      58.022979736328125,
      44.7808837890625
    ],
    [
      13.031843185424805,
      6.821425914764404,
      3.3023195266723633,
      -3.1191577911376953,
      4.720894813537598,
      -0.16031597554683685,
      3.264827013015747,
      0.7767043113708496,
      8.657380104064941,
      8.468509674072266,
      17.466655731201172,
      16.566652297973633,
      21.50689697265625,
      20.097875595092773,
      30.31143569946289,
      29.55347442626953,
      44.7808837890625,
      46.333946228027344
    ]
  ],
  "covariance_short": [
    [
      55.63152313232422,
      0.6980584859848022,
      11.188716888427734,
      -2.86616587638855,
      11.602611541748047,
      5.652836799621582,
      11.330738067626953,
      9.759532928466797,
      16.319969177246094,
      19.272180557250977,
      20.64039421081543,
      24.919775009155273,
      18.996044158935547,
      22.91803550720215,
      14.275251388549805,
      18.936689376831055,
      10.117048263549805,
      13.355751991271973
    ],
    [
      0.6980584859848022,
      61.67469024658203,
      10.383382797241211,
      21.632226943969727,
      6.110079288482666,
      -2.6534485816955566,
      8.3573579788208,
      7.021493911743164,
      12.409502029418945,
      8.3456449508667,
      16.492443084716797,
      12.038850784301758,
      15.005875587463379,
      11.956451416015625,
      12.778843879699707,
      9.13316822052002,
      16.743722915649414,
      11.223023414611816
    ],
    [
      11.188716888427734,
      10.383382797241211,
      28.76607894897461,
      9.72094440460205,
      9.723649978637695,
      4.674243927001953,
      9.935420989990234,
      7.36607027053833,
      13.336176872253418,
      11.972737312316895,
      15.903108596801758,
      14.343118667602539,
      14.476895332336426,
      13.617435455322266,
      14.11521053314209,
      12.183771133422852,
      13.737268447875977,
      10.987822532653809
    ],
    [
      -2.86616587638855,
      21.632226943969727,
      9.72094440460205,
      26.871826171875,
      4.437780857086182,
      2.3426172733306885,
      5.322561740875244,
      5.971806526184082,
      7.3527512550354,
      5.677006721496582,
      8.075645446777344,
      5.603391647338867,
      6.258922576904297,
      4.7156081199646,
      5.293612957000732,
      3.556652307510376,
      5.041928768157959,
      2.391035318374634
    ],
    [
      11.602611541748047,
      6.110079288482666,
      9.723649978637695,
      4.437780857086182,
      23.477603912353516,
      8.87680435180664,
      11.604525566101074,
      8.530620574951172,
      16.39003562927246,
      12.901344299316406,
      18.29332733154297,
      15.702383995056152,
      14.283148765563965,
      12.425415992736816,
      10.218257904052734,
      9.174145698547363,
      9.63277816772461,
      7.575823783874512
    ],
    [
      5.652836799621582,
      -2.6534485816955566,
      4.674243927001953,
      2.3426172733306885,
      8.87680435180664,
      14.310653686523438,
      5.16005277633667,
      4.820554256439209,
      5.729228496551514,
      5.779768943786621,
      4.658267498016357,
      5.872180938720703,
      1.9281895160675049,
      2.487307071685791,
      0.576333224773407,
      1.9296940565109253,
      -2.458056688308716,
      -0.6537801623344421
    ],
    [
      11.330738067626953,
      8.3573579788208,
      9.935420989990234,
      5.322561740875244,
      11.604525566101074,
      5.16005277633667,
      22.649621963500977,
      12.880393981933594,
      16.782020568847656,
      14.378875732421875,
      18.666229248046875,
      17.31606101989746,
      15.60957145690918,
      13.613371849060059,
      12.192388534545898,
      8.857973098754883,
      10.741884231567383,
      6.282747745513916
    ],
    [
      9.759532928466797,
      7.021493911743164,
      7.36607027053833,
      5.971806526184082,
      8.530620574951172,
      4.820554256439209,
      12.880393981933594,
      16.64638900756836,
      10.92098331451416,
      11.146891593933105,
      11.90381908416748,
      12.720052719116211,
      9.8033447265625,
      10.278918266296387,
      7.161911487579346,
      7.07875394821167,
      5.148870944976807,
      4.088413238525391
    ],
    [
      16.319969177246094,
      12.409502029418945,
      13.336176872253418,
      7.3527512550354,
      16.39003562927246,
      5.729228496551514,
      16.782020568847656,
      10.92098331451416,
      28.316946029663086,
      20.370203018188477,
      28.430879592895508,
      23.61764144897461,
      24.48122215270996,
      20.89366912841797,
      19.602083206176758,
      15.55241870880127,
      19.03286361694336,
      13.545077323913574
    ],
    [
      19.272180557250977,
      8.3456449508667,
      11.972737312316895,
      5.677006721496582,
      12.901344299316406,
      5.779768943786621,
      14.378875732421875,
      11.146891593933105,
      20.370203018188477,
      23.918563842773438,
      21.582426071166992,
      22.80927085876465,
      18.220067977905273,
      18.654212951660156,
      14.851131439208984,
      14.082716941833496,
      14.687474250793457,
      12.800542831420898
    ],
    [
      20.64039421081543,
      16.492443084716797,
      15.903108596801758,
      8.075645446777344,
      18.29332733154297,
      4.658267498016357,
      18.666229248046875,
      11.90381908416748,
      28.430879592895508,
      21.582426071166992,
      45.89422607421875,
      33.912418365478516,
      38.315860748291016,
      33.397945404052734,
      31.254276275634766,
      25.139463424682617,
      30.906661987304688,
      22.888771057128906
    ],
    [
      24.919775009155273,
      12.038850784301758,
      14.343118667602539,
      5.603391647338867,
      15.702383995056152,
      5.872180938720703,
      17.31606101989746,
      12.720052719116211,
      23.61764144897461,
      22.80927085876465,
      33.912418365478516,
      37.75614929199219,
      29.860183715820312,
      30.305320739746094,
      25.521780014038086,
      23.047344207763672,
      24.863378524780273,
      20.901578903198242
    ],
    [
      18.996044158935547,
      15.005875587463379,
      14.476895332336426,
      6.258922576904297,
      14.283148765563965,
      1.9281895160675049,
      15.60957145690918,
      9.8033447265625,
      24.48122215270996,
      18.220067977905273,
      38.315860748291016,
      29.860183715820312,
      49.312408447265625,
      41.35994338989258,
      39.75094985961914,
      31.946020126342773,
      38.64126205444336,
      28.743432998657227
    ],
    [
      22.91803550720215,
      11.956451416015625,
      13.617435455322266,
      4.7156081199646,
      12.425415992736816,
      2.487307071685791,
      13.613371849060059,
      10.278918266296387,
      20.89366912841797,
      18.654212951660156,
      33.397945404052734,
      30.305320739746094,
      41.35994338989258,
      43.61347198486328,
      34.07986068725586,
      31.643787384033203,
      32.574073791503906,
      27.61344337463379
    ],
    [
      14.275251388549805,
      12.778843879699707,
      14.11521053314209,
      5.293612957000732,
      10.218257904052734,
      0.576333224773407,
      12.192388534545898,
      7.161911487579346,
      19.602083206176758,
      14.851131439208984,
      31.254276275634766,
      25.521780014038086,
      39.75094985961914,
      34.07986068725586,
      52.06404495239258,
      41.89689636230469,
      52.66537094116211,
      41.21466827392578
    ],
    [
      18.936689376831055,
      9.13316822052002,
      12.183771133422852,
      3.556652307510376,
      9.174145698547363,
      1.9296940565109253,
      8.857973098754883,
      7.07875394821167,
      15.55241870880127,
      14.082716941833496,
      25.139463424682617,
      23.047344207763672,
      31.946020126342773,
      31.643787384033203,
      41.89689636230469,
      45.493675231933594,
      44.09606170654297,
      41.429298400878906
    ],
    [
      10.117048263549805,
      16.743722915649414,
      13.737268447875977,
      5.041928768157959,
      9.63277816772461,
      -2.458056688308716,
      10.741884231567383,
      5.148870944976807,
      19.03286361694336,
      14.687474250793457,
      30.906661987304688,
      24.863378524780273,
      38.64126205444336,
      32.574073791503906,
      52.66537094116211,
      44.09606170654297,
      74.15400695800781,
      59.260276794433594
    ],
    [
      13.355751991271973,
      11.223023414611816,
      10.987822532653809,
      2.391035318374634,
      7.575823783874512,
      -0.6537801623344421,
      6.282747745513916,
      4.088413238525391,
      13.545077323913574,
      12.800542831420898,
      22.888771057128906,
      20.901578903198242,
      28.743432998657227,
      27.61344337463379,
      41.21466827392578,
      41.429298400878906,
      59.260276794433594,
      63.05765914916992
    ]
  ],
  "drr": 11.08014965057373,
  "dynamics": 3.415804624557495,
  "format": 1245190,
  "frames": 4427776,
  "loudness": -8.060917854309082,
  "loudness_range": 8.009430885314941,
  "loudness_range_short": 10.699973106384277,
  "peak": 0.8579564690589905,
  "rms": -10.232897758483887,
  "sample_rate": 44100,
  "sections": 1,
  "seekable": 1,
  "sharpness": 2.1145129203796387,
  "space": -5.583405494689941
}