{
  "bands": [
    {
      "high_freq": 148.1999969482422,
      "loudness": -20.093223571777344,
      "loudness_range": 13.127285957336426,
      "mid_mean": -16.5233097076416,
      "mid_to_side_loudness": -21.54692840576172,
      "mid_to_side_loudness_range": 22.63159942626953,
      "side_mean": -39.76525115966797
    },
    {
      "high_freq": 392.3793640136719,
      "loudness": -19.431604385375977,
      "loudness_range": 12.040782928466797,
      "low_freq": 148.1999969482422,
      "mid_mean": -16.17194366455078,
      "mid_to_side_loudness": -11.987092018127441,
      "mid_to_side_loudness_range": 13.622804641723633,
      "side_mean": -27.961986541748047
    },
    {
      "high_freq": 794.6976318359375,
      "loudness": -22.8140811920166,
      "loudness_range": 10.254886627197266,
      "low_freq": 392.3793640136719,
      "mid_mean": -20.129446029663086,
      "mid_to_side_loudness": -7.297685146331787,
      "mid_to_side_loudness_range": 11.093122482299805,
      "side_mean": -26.803895950317383
    },
    {
      "high_freq": 1457.5709228515625,
      "loudness": -24.304248809814453,
      "loudness_range": 15.122806549072266,
      "low_freq": 794.6976318359375,
      "mid_mean": -21.57722282409668,
      "mid_to_side_loudness": -7.329313278198242,
      "mid_to_side_loudness_range": 10.635492324829102,
      "side_mean": -28.14396095275879
    },
    {
      "high_freq": 2549.74365234375,
      "loudness": -24.75486183166504,
      "loudness_range": 14.751935958862305,
      "low_freq": 1457.5709228515625,
      "mid_mean": -22.007577896118164,
      "mid_to_side_loudness": -7.734358310699463,
      "mid_to_side_loudness_range": 10.713985443115234,
      "side_mean": -27.957035064697266
    },
    {
      "high_freq": 4349.24462890625,
      "loudness": -26.087736129760742,
      "loudness_range": 14.292594909667969,
      "low_freq": 2549.74365234375,
      "mid_mean": -23.197128295898438,
      "mid_to_side_loudness": -8.207025527954102,
      "mid_to_side_loudness_range": 9.458012580871582,
      "side_mean": -29.516237258911133
    },
    {
      "high_freq": 7314.1640625,
      "loudness": -25.748579025268555,
      "loudness_range": 11.770133972167969,
      "low_freq": 4349.24462890625,
      "mid_mean": -22.96392822265625,
      "mid_to_side_loudness": -8.503876686096191,
      "mid_to_side_loudness_range": 10.412342071533203,
      "side_mean": -29.48301124572754
    },
    {
      "high_freq": 12199.2666015625,
      "loudness": -25.63353157043457,
      "loudness_range": 14.229696273803711,
      "low_freq": 7314.1640625,
      "mid_mean": -22.919797897338867,
      "mid_to_side_loudness": -6.996582508087158,
      "mid_to_side_loudness_range": 8.932792663574219,
      "side_mean": -28.381450653076172
    },
    {
      "loudness": -29.47141456604004,
      "loudness_range": 11.959909439086914,
      "low_freq": 12199.2666015625,
      "mid_mean": -26.749340057373047,
      "mid_to_side_loudness": -7.50130033493042,
      "mid_to_side_loudness_range": 9.233091354370117,
      "side_mean": -31.811513900756836
    }
  ],
  "bands_short": [
    {
      "high_freq": 148.1999969482422,
      "loudness": -27.155702590942383,
      "loudness_range": 32.0692024230957,
      "mid_mean": -23.762317657470703,
      "mid_to_side_loudness": -20.842666625976562,
      "mid_to_side_loudness_range": 27.427608489990234,
      "side_mean": -46.90837478637695
    },
    {
      "high_freq": 392.3793640136719,
      "loudness": -21.357093811035156,
      "loudness_range": 20.718624114990234,
      "low_freq": 148.1999969482422,
      "mid_mean": -18.353416442871094,
      "mid_to_side_loudness": -11.12703800201416,
      "mid_to_side_loudness_range": 19.63794708251953,
      "side_mean": -29.499156951904297
    },
    {
      "high_freq": 794.6976318359375,
      "loudness": -23.741762161254883,
      "loudness_range": 15.578327178955078,
      "low_freq": 392.3793640136719,
      "mid_mean": -21.230194091796875,
      "mid_to_side_loudness": -7.307215213775635,
      "mid_to_side_loudness_range": 14.634047508239746,
      "side_mean": -28.123836517333984
    },
    {
      "high_freq": 1457.5709228515625,
      "loudness": -25.3121280670166,
      "loudness_range": 20.55248260498047,
      "low_freq": 794.6976318359375,
      "mid_mean": -22.72903060913086,
      "mid_to_side_loudness": -7.340009689331055,
      "mid_to_side_loudness_range": 13.376683235168457,
      "side_mean": -29.536609649658203
    },
    {
      "high_freq": 2549.74365234375,
      "loudness": -26.15481948852539,
      "loudness_range": 20.299741744995117,
      "low_freq": 1457.5709228515625,
      "mid_mean": -23.58809471130371,
      "mid_to_side_loudness": -7.483098983764648,
      "mid_to_side_loudness_range": 12.943592071533203,
      "side_mean": -29.938312530517578
    },
    {
      "high_freq": 4349.24462890625,
      "loudness": -27.350122451782227,
      "loudness_range": 19.966083526611328,
      "low_freq": 2549.74365234375,
      "mid_mean": -24.684572219848633,
      "mid_to_side_loudness": -7.73450231552124,
      "mid_to_side_loudness_range": 11.958258628845215,
      "side_mean": -30.985044479370117
    },
    {
      "high_freq": 7314.1640625,
      "loudness": -28.243057250976562,
      "loudness_range": 21.53118896484375,
      "low_freq": 4349.24462890625,
      "mid_mean": -25.703630447387695,
      "mid_to_side_loudness": -7.232391834259033,
      "mid_to_side_loudness_range": 12.554937362670898,
      "side_mean": -31.51624298095703
    },
    {
      "high_freq": 12199.2666015625,
      "loudness": -28.197582244873047,
      "loudness_range": 22.595382690429688,
      "low_freq": 7314.1640625,
      "mid_mean": -25.698116302490234,
      "mid_to_side_loudness": -6.407820224761963,
      "mid_to_side_loudness_range": 11.430909156799316,
      "side_mean": -30.969482421875
    },
    {
      "loudness": -32.51444625854492,
      "loudness_range": 23.893465042114258,
      "low_freq": 12199.2666015625,
      "mid_mean": -30.12033462524414,
      "mid_to_side_loudness": -6.402237892150879,
      "mid_to_side_loudness_range": 12.246319770812988,
      "side_mean": -34.852298736572266
    }
  ],
  "channels": 2,
  "covariance": [
    [
      37.21232223510742,
      25.311031341552734,
      6.168680667877197,
      7.984732627868652,
      4.027866363525391,
      7.89328670501709,
      6.531347274780273,
      9.562966346740723,
      7.463771820068359,
      5.220595836639404,
      7.560729026794434,
      3.745122194290161,
      6.603577136993408,
      2.7599382400512695,
      3.720592975616455,
      2.9688453674316406,
      7.01353120803833,
      2.7435624599456787
    ],
    [
      25.311031341552734,
      97.33651733398438,
      10.271726608276367,
      21.034910202026367,
      13.548968315124512,
      20.601186752319336,
      22.66106605529785,
      30.964595794677734,
      25.364967346191406,
      23.38043785095215,
      25.54114532470703,
      18.936527252197266,
      21.843477249145508,
      14.611848831176758,
      17.868942260742188,
      10.524316787719727,
      20.52018928527832,
      9.832136154174805
    ],
    [
      6.168680667877197,
      10.271726608276367,
      21.04587173461914,
      14.612510681152344,
      9.263484954833984,
      12.698501586914062,
      9.922172546386719,
      10.864481925964355,
      13.435494422912598,
      7.370783805847168,
      14.17192268371582,
      5.737309455871582,
      15.17790699005127,
      0.3693891763687134,
      13.549997329711914,
      0.10488464683294296,
      14.524457931518555,
      -0.8433295488357544
    ],
    [
      7.984732627868652,
      21.034910202026367,
      14.612510681152344,
      34.28723907470703,
      12.175126075744629,
      22.21906089782715,
      14.325176239013672,
      20.99885368347168,
      17.15013313293457,
      15.822357177734375,
      18.1929874420166,
      13.977765083312988,
      14.24001407623291,
      4.817679405212402,
      13.0991849899292,
      2.611762762069702,
      14.447291374206543,
      0.26047834753990173
    ],
    [
      4.027866363525391,
      13.548968315124512,
      9.263484954833984,
      12.175126075744629,
      16.420429229736328,
      16.726791381835938,
      15.522459030151367,
      16.759300231933594,
      14.673354148864746,
      9.536172866821289,
      13.28818130493164,
      7.04685115814209,
      9.337170600891113,
      2.411130666732788,
      7.362739086151123,
      0.84609454870224,
      8.541694641113281,
      0.38467374444007874
    ],
    [
      7.89328670501709,
      20.601186752319336,
      12.698501586914062,
      22.21906089782715,
      16.726791381835938,
      38.50331115722656,
      19.88335609436035,
      33.48255920410156,
      21.325592041015625,
      21.038101196289062,
      20.399112701416016,
      15.06003475189209,
      14.6154203414917,
      3.2205889225006104,
      11.914115905761719,
      -0.44578149914741516,
      14.505170822143555,
      -1.156676173210144
    ],
    [
      6.531347274780273,
      22.66106605529785,
      9.922172546386719,
      14.325176239013672,
      15.522459030151367,
      19.88335609436035,
      28.883392333984375,
      30.069860458374023,
      21.63426399230957,
      16.664581298828125,
      19.530620574951172,
      11.296523094177246,
      13.140755653381348,
      4.389523029327393,
      9.750639915466309,
      0.8713103532791138,
      12.812734603881836,
      1.9835284948349
    ],
    [
      9.562966346740723,
      30.964595794677734,
      10.864481925964355,
      20.99885368347168,
      16.759300231933594,
      33.48255920410156,
      30.069860458374023,
      51.31093215942383,
      25.540868759155273,
      28.93001937866211,
      23.156667709350586,
      20.49909782409668,
      15.426061630249023,
      6.770605564117432,
      11.358348846435547,
      -0.09032579511404037,
      15.072590827941895,
      1.2769736051559448
    ],
    [
      7.463771820068359,
      25.364967346191406,
      13.435494422912598,
      17.15013313293457,
      14.673354148864746,
      21.325592041015625,
      21.63426399230957,
      25.540868759155273,
      30.778823852539062,
      22.428770065307617,
      25.832242965698242,
      15.333446502685547,
      19.811262130737305,
      5.605988025665283,
      16.81471061706543,
      2.6070773601531982,
      19.655738830566406,
      1.7142921686172485
    ],
    [
      5.220595836639404,
      23.38043785095215,
      7.370783805847168,
      15.822357177734375,
      9.536172866821289,
      21.038101196289062,
      16.664581298828125,
      28.93001937866211,
      22.428770065307617,
      39.858577728271484,
      19.660871505737305,
      25.765230178833008,
      13.555936813354492,
      10.195124626159668,
      10.362955093383789,
      3.4467248916625977,
      11.089472770690918,
      2.169222354888916
    ],
    [
      7.560729026794434,
      25.54114532470703,
      14.17192268371582,
      18.1929874420166,
      13.28818130493164,
      20.399112701416016,
      19.530620574951172,
      23.156667709350586,
      25.832242965698242,
      19.660871505737305,
      31.004234313964844,
      17.326702117919922,
      23.913227081298828,
      7.086509704589844,
      20.20264434814453,
      3.7389354705810547,
      21.836925506591797,
      2.5173847675323486
    ],
    [
      3.745122194290161,
      18.936527252197266,
      5.737309455871582,
      13.977765083312988,
      7.04685115814209,
      15.06003475189209,
      11.296523094177246,
      20.49909782409668,
      15.333446502685547,
      25.765230178833008,
      17.326702117919922,
      30.73415184020996,
      12.418780326843262,
      13.600126266479492,
      9.057363510131836,
      6.093216419219971,
      8.953611373901367,
      3.86076283454895
    ],
    [
      6.603577136993408,
      21.843477249145508,
      15.17790699005127,
      14.24001407623291,
      9.337170600891113,
      14.6154203414917,
      13.140755653381348,
      15.426061630249023,
      19.811262130737305,
      13.555936813354492,
      23.913227081298828,
      12.418780326843262,
      31.98322296142578,
      9.516140937805176,
      26.9598388671875,
      7.581817150115967,
      25.86378288269043,
      4.341211318969727
    ],
    [
      2.7599382400512695,
      14.611848831176758,
      0.3693891763687134,
      4.817679405212402,
      2.411130666732788,
      3.2205889225006104,
      4.389523029327393,
      6.770605564117432,
      5.605988025665283,
      10.195124626159668,
      7.086509704589844,
      13.600126266479492,
      9.516140937805176,
      20.358234405517578,
      9.0252046585083,
      14.45240592956543,
      4.766339302062988,
      8.572627067565918
    ],
    [
      3.720592975616455,
      17.868942260742188,
      13.549997329711914,
      13.0991849899292,
      7.362739086151123,
      11.914115905761719,
      9.750639915466309,
      11.358348846435547,
      16.81471061706543,
      10.362955093383789,
      20.20264434814453,
      9.057363510131836,
      26.9598388671875,
      9.0252046585083,
      35.310054779052734,
      13.684403419494629,
      29.020490646362305,
      7.369157791137695
    ],
    [
      2.9688453674316406,
      10.524316787719727,
      0.10488464683294296,
      2.611762762069702,
      0.84609454870224,
      -0.44578149914741516,
      0.8713103532791138,
      -0.09032579511404037,
      2.6070773601531982,
      3.4467248916625977,
      3.7389354705810547,
      6.093216419219971,
      7.581817150115967,
      14.45240592956543,
      13.684403419494629,
      19.56363296508789,
      7.287955284118652,
      11.153764724731445
    ],
    [
      7.01353120803833,
      20.52018928527832,
      14.524457931518555,
      14.447291374206543,
      8.541694641113281,
      14.505170822143555,
      12.812734603881836,
      15.072590827941895,
      19.655738830566406,
      11.089472770690918,
      21.836925506591797,
      8.953611373901367,
      25.86378288269043,
      4.766339302062988,
      29.020490646362305,
      7.287955284118652,
      34.2784309387207,
      7.274477005004883
    ],
    [
      2.7435624599456787,
      9.832136154174805,
      -0.8433295488357544,
      0.26047834753990173,
      0.38467374444007874,
      -1.156676173210144,
      1.9835284948349,
      1.2769736051559448,
      1.7142921686172485,
      2.169222354888916,
      2.5173847675323486,
      3.86076283454895,
      4.341211318969727,
      8.572627067565918,
      7.369157791137695,
      11.153764724731445,
      7.274477005004883,
      11.15483570098877
    ]
  ],
  "covariance_short": [
    [
      110.80570220947266,
      73.37873077392578,
      36.58790588378906,
      24.33807373046875,
      21.787612915039062,
      26.79876708984375,
      24.694005966186523,
      28.001361846923828,
      25.691375732421875,
      22.857324600219727,
      26.495805740356445,
      19.58940315246582,
      26.977136611938477,
      19.01677703857422,
      24.437166213989258,
      20.161766052246094,
      32.875587463378906,
      25.61329460144043
    ],
    [
      73.37873077392578,
      147.60365295410156,
      33.6950798034668,
      35.28814697265625,
      25.44148826599121,
      29.928586959838867,
      35.88581466674805,
      41.32564926147461,
      38.681060791015625,
      38.95321273803711,
      39.587528228759766,
      33.56767654418945,
      35.89817810058594,
      31.03571319580078,
      29.725570678710938,
      27.785070419311523,
      35.6003532409668,
      30.05443000793457
    ],
    [
      36.58790588378906,
      33.6950798034668,
      50.54942321777344,
      26.453548431396484,
      21.056692123413086,
      19.494260787963867,
      17.231719970703125,
      15.867241859436035,
      21.834793090820312,
      16.202701568603516,
      22.863245010375977,
      14.953812599182129,
      24.022113800048828,
      12.09247875213623,
      20.48063850402832,
      11.138550758361816,
      21.983346939086914,
      12.715340614318848
    ],
    [
      24.33807373046875,
      35.28814697265625,
      26.453548431396484,
      50.71961975097656,
      17.473657608032227,
      27.515634536743164,
      13.966950416564941,
      20.50481414794922,
      17.248945236206055,
      18.387969970703125,
      18.264707565307617,
      16.580217361450195,
      13.234100341796875,
      8.47923755645752,
      11.522208213806152,
      5.716479778289795,
      11.8890962600708,
      4.001556873321533
    ],
    [
      21.787612915039062,
      25.44148826599121,
      21.056692123413086,
      17.473657608032227,
      34.52963638305664,
      28.097700119018555,
      25.94899559020996,
      24.879037857055664,
      23.834142684936523,
      19.750532150268555,
      21.196231842041016,
      15.584914207458496,
      13.592394828796387,
      8.837631225585938,
      10.288466453552246,
      5.972944259643555,
      11.96507740020752,
      6.687164306640625
    ],
    [
      26.79876708984375,
      29.928586959838867,
      19.494260787963867,
      27.515634536743164,
      28.097700119018555,
      54.67701721191406,
      27.69889259338379,
      41.057979583740234,
      27.022384643554688,
      30.822208404541016,
      25.41300392150879,
      23.21229362487793,
      15.0236177444458,
      8.182673454284668,
      10.929643630981445,
      3.54437255859375,
      13.41082763671875,
      4.005782127380371
    ],
    [
      24.694005966186523,
      35.88581466674805,
      17.231719970703125,
      13.966950416564941,
      25.94899559020996,
      27.69889259338379,
      50.96148681640625,
      46.975582122802734,
      35.5161247253418,
      31.802135467529297,
      30.934545516967773,
      23.575044631958008,
      19.87209701538086,
      14.233989715576172,
      12.577659606933594,
      7.729142665863037,
      16.560863494873047,
      11.382954597473145
    ],
    [
      28.001361846923828,
      41.32564926147461,
      15.867241859436035,
      20.50481414794922,
      24.879037857055664,
      41.057979583740234,
      46.975582122802734,
      70.7917709350586,
      36.657474517822266,
      44.683509826660156,
      32.75618362426758,
      33.0662841796875,
      20.189228057861328,
      16.32563591003418,
      11.634137153625488,
      6.814322471618652,
      15.452025413513184,
      9.975369453430176
    ],
    [
      25.691375732421875,
      38.681060791015625,
      21.834793090820312,
      17.248945236206055,
      23.834142684936523,
      27.022384643554688,
      35.5161247253418,
      36.657474517822266,
      54.09983825683594,
      44.66659164428711,
      42.45826721191406,
      33.670658111572266,
      30.467302322387695,
      19.879352569580078,
      23.088315963745117,
      13.101960182189941,
      25.42176628112793,
      14.701613426208496
    ],
    [
      22.857324600219727,
      38.95321273803711,
      16.202701568603516,
      18.387969970703125,
      19.750532150268555,
      30.822208404541016,
      31.802135467529297,
      44.683509826660156,
      44.66659164428711,
      66.2281494140625,
      38.749874114990234,
      45.85417556762695,
      24.890872955322266,
      23.315597534179688,
      16.429166793823242,
      12.544642448425293,
      18.268871307373047,
      13.62425422668457
    ],
    [
      26.495805740356445,
      39.587528228759766,
      22.863245010375977,
      18.264707565307617,
      21.196231842041016,
      25.41300392150879,
      30.934545516967773,
      32.75618362426758,
      42.45826721191406,
      38.749874114990234,
      52.466590881347656,
      37.429771423339844,
      38.77737045288086,
      24.552343368530273,
      30.43316078186035,
      18.15105628967285,
      31.313783645629883,
      18.254798889160156
    ],
    [
      19.58940315246582,
      33.56767654418945,
      14.953812599182129,
      16.580217361450195,
      15.584914207458496,
      23.21229362487793,
      23.575044631958008,
      33.0662841796875,
      33.670658111572266,
      45.85417556762695,
      37.429771423339844,
      52.28904342651367,
      28.76004981994629,
      30.19301414489746,
      20.485191345214844,
      19.558996200561523,
      20.484771728515625,
      18.390186309814453
    ],
    [
      26.977136611938477,
      35.89817810058594,
      24.022113800048828,
      13.234100341796875,
      13.592394828796387,
      15.0236177444458,
      19.87209701538086,
      20.189228057861328,
      30.467302322387695,
      24.890872955322266,
      38.77737045288086,
      28.76004981994629,
      60.484466552734375,
      37.66969680786133,
      52.620216369628906,
      34.848323822021484,
      50.44318771362305,
      32.90947723388672
    ],
    [
      19.01677703857422,
      31.03571319580078,
      12.09247875213623,
      8.47923755645752,
      8.837631225585938,
      8.182673454284668,
      14.233989715576172,
      16.32563591003418,
      19.879352569580078,
      23.315597534179688,
      24.552343368530273,
      30.19301414489746,
      37.66969680786133,
      48.29578399658203,
      33.448448181152344,
      40.697265625,
      30.65717315673828,
      35.47599411010742
    ],
    [
      24.437166213989258,
      29.725570678710938,
      20.48063850402832,
      11.522208213806152,
      10.288466453552246,
      10.929643630981445,
      12.577659606933594,
      11.634137153625488,
      23.088315963745117,
      16.429166793823242,
      30.43316078186035,
      20.485191345214844,
      52.620216369628906,
      33.448448181152344,
      65.73128509521484,
      43.59660720825195,
      59.59759521484375,
      39.3319206237793
    ],
    [
      20.161766052246094,
      27.785070419311523,
      11.138550758361816,
      5.716479778289795,
      5.972944259643555,
      3.54437255859375,
      7.729142665863037,
      6.814322471618652,
      13.101960182189941,
      12.544642448425293,
      18.15105628967285,
      19.558996200561523,
      34.848323822021484,
      40.697265625,
      43.59660720825195,
      53.283447265625,
      40.271873474121094,
      45.65354537963867
    ],
    [
      32.875587463378906,
      35.6003532409668,
      21.983346939086914,
      11.8890962600708,
      11.96507740020752,
      13.41082763671875,
      16.560863494873047,
      15.452025413513184,
      25.42176628112793,
      18.268871307373047,
      31.313783645629883,
      20.484771728515625,
      50.44318771362305,
      30.65717315673828,
      59.59759521484375,
      40.271873474121094,
      70.97160339355469,
      47.245094299316406
    ],
    [
      25.61329460144043,
      30.05443000793457,
      12.715340614318848,
      4.001556873321533,
      6.687164306640625,
      4.005782127380371,
      11.382954597473145,
      9.975369453430176,
      14.701613426208496,
      13.62425422668457,
      18.254798889160156,
      18.390186309814453,
      32.90947723388672,
      35.47599411010742,
      39.3319206237793,
      45.65354537963867,
      47.245094299316406,
      55.26488494873047
    ]
  ],
  "drr": 18.01361083984375,
  "dynamics": 3.2551069259643555,
  "format": 1245190,
  "frames": 11137984,
  "loudness": -9.193727493286133,
  "loudness_range": 10.884061813354492,
  "loudness_range_short": 15.502803802490234,
  "peak": 0.9194209575653076,
  "rms": -11.450169563293457,
  "sample_rate": 44100,
  "sections": 1,
  "seekable": 1,
  "sharpness": 4.235527515411377,
  "space": -8.272561073303223
}