{
  "bands": [
    {
      "high_freq": 148.1999969482422,
      "loudness": -16.109722137451172,
      "loudness_range": 7.173306465148926,
      "mid_mean": -12.574823379516602,
      "mid_to_side_loudness": -15.518821716308594,
      "mid_to_side_loudness_range": 14.538922309875488,
      "side_mean": -28.530292510986328
    },
    {
      "high_freq": 392.3793640136719,
      "loudness": -19.404184341430664,
      "loudness_range": 6.671298980712891,
      "low_freq": 148.1999969482422,
      "mid_mean": -16.48863410949707,
      "mid_to_side_loudness": -8.323968887329102,
      "mid_to_side_loudness_range": 11.464560508728027,
      "side_mean": -24.8527774810791
    },
    {
      "high_freq": 794.6976318359375,
      "loudness": -19.34345054626465,
      "loudness_range": 8.586048126220703,
      "low_freq": 392.3793640136719,
      "mid_mean": -17.09573745727539,
      "mid_to_side_loudness": -4.752212047576904,
      "mid_to_side_loudness_range": 8.902507781982422,
      "side_mean": -21.88035011291504
    },
    {
      "high_freq": 1457.5709228515625,
      "loudness": -20.714628219604492,
      "loudness_range": 8.344179153442383,
      "low_freq": 794.6976318359375,
      "mid_mean": -18.921463012695312,
      "mid_to_side_loudness": -2.96561336517334,
      "mid_to_side_loudness_range": 6.4707159996032715,
      "side_mean": -21.86660385131836
    },
    {
      "high_freq": 2549.74365234375,
      "loudness": -17.547395706176758,
      "loudness_range": 9.905951499938965,
      "low_freq": 1457.5709228515625,
      "mid_mean": -15.617886543273926,
      "mid_to_side_loudness": -3.288780450820923,
      "mid_to_side_loudness_range": 6.8192877769470215,
      "side_mean": -19.020936965942383
    },
    {
      "high_freq": 4349.24462890625,
      "loudness": -18.948841094970703,
      "loudness_range": 9.102476119995117,
      "low_freq": 2549.74365234375,
      "mid_mean": -16.874311447143555,
      "mid_to_side_loudness": -3.7413668632507324,
      "mid_to_side_loudness_range": 7.689964771270752,
      "side_mean": -20.83999252319336
    },
    {
      "high_freq": 7314.1640625,
      "loudness": -26.10315704345703,
      "loudness_range": 9.828397750854492,
      "low_freq": 4349.24462890625,
      "mid_mean": -23.955318450927734,
      "mid_to_side_loudness": -3.923079013824463,
      "mid_to_side_loudness_range": 7.860851764678955,
      "side_mean": -28.140140533447266
    },
    {
      "high_freq": 12199.2666015625,
      "loudness": -31.311676025390625,
      "loudness_range": 11.638504028320312,
      "low_freq": 7314.1640625,
      "mid_mean": -30.404117584228516,
      "mid_to_side_loudness": -0.7083936929702759,
      "mid_to_side_loudness_range": 6.1352009773254395,
      "side_mean": -31.196945190429688
    },
    {
      "loudness": -38.3494987487793,
      "loudness_range": 14.503528594970703,
      "low_freq": 12199.2666015625,
      "mid_mean": -36.875938415527344,
      "mid_to_side_loudness": -2.1179614067077637,
      "mid_to_side_loudness_range": 7.486125946044922,
      "side_mean": -39.094459533691406
    }
  ],
  "bands_short": [
    {
      "high_freq": 148.1999969482422,
      "loudness": -20.34577751159668,
      "loudness_range": 18.392105102539062,
      "mid_mean": -16.95769500732422,
      "mid_to_side_loudness": -16.604896545410156,
      "mid_to_side_loudness_range": 25.600399017333984,
      "side_mean": -34.295223236083984
    },
    {
      "high_freq": 392.3793640136719,
      "loudness": -17.629188537597656,
      "loudness_range": 8.578079223632812,
      "low_freq": 148.1999969482422,
      "mid_mean": -14.577682495117188,
      "mid_to_side_loudness": -10.002323150634766,
      "mid_to_side_loudness_range": 14.377543449401855,
      "side_mean": -24.710866928100586
    },
    {
      "high_freq": 794.6976318359375,
      "loudness": -20.072795867919922,
      "loudness_range": 10.041193962097168,
      "low_freq": 392.3793640136719,
      "mid_mean": -17.861597061157227,
      "mid_to_side_loudness": -5.0847697257995605,
      "mid_to_side_loudness_range": 11.685590744018555,
      "side_mean": -23.025110244750977
    },
    {
      "high_freq": 1457.5709228515625,
      "loudness": -20.45781898498535,
      "loudness_range": 10.352995872497559,
      "low_freq": 794.6976318359375,
      "mid_mean": -18.89668083190918,
      "mid_to_side_loudness": -2.7390851974487305,
      "mid_to_side_loudness_range": 9.460813522338867,
      "side_mean": -21.620267868041992
    },
    {
      "high_freq": 2549.74365234375,
      "loudness": -18.02491569519043,
      "loudness_range": 11.20512580871582,
      "low_freq": 1457.5709228515625,
      "mid_mean": -16.215606689453125,
      "mid_to_side_loudness": -3.2202253341674805,
      "mid_to_side_loudness_range": 9.045158386230469,
      "side_mean": -19.57082176208496
    },
    {
      "high_freq": 4349.24462890625,
      "loudness": -19.019826889038086,
      "loudness_range": 10.89879035949707,
      "low_freq": 2549.74365234375,
      "mid_mean": -17.108205795288086,
      "mid_to_side_loudness": -3.4906296730041504,
      "mid_to_side_loudness_range": 9.436776161193848,
      "side_mean": -20.805103302001953
    },
    {
      "high_freq": 7314.1640625,
      "loudness": -26.610509872436523,
      "loudness_range": 13.31123161315918,
      "low_freq": 4349.24462890625,
      "mid_mean": -24.722251892089844,
      "mid_to_side_loudness": -3.476236581802368,
      "mid_to_side_loudness_range": 9.68269157409668,
      "side_mean": -28.422990798950195
    },
    {
      "high_freq": 12199.2666015625,
      "loudness": -32.36555480957031,
      "loudness_range": 15.803716659545898,
      "low_freq": 7314.1640625,
      "mid_mean": -31.542543411254883,
      "mid_to_side_loudness": -0.7420509457588196,
      "mid_to_side_loudness_range": 7.5405354499816895,
      "side_mean": -32.343666076660156
    },
    {
      "loudness": -39.65771484375,
      "loudness_range": 18.35995101928711,
      "low_freq": 12199.2666015625,
      "mid_mean": -38.59023666381836,
      "mid_to_side_loudness": -1.5013902187347412,
      "mid_to_side_loudness_range": 7.610063552856445,
      "side_mean": -40.065589904785156
    }
  ],
  "channels": 2,
  "covariance": [
    [
      12.648547172546387,
      7.973301410675049,
      3.7191383838653564,
      0.7044752240180969,
      2.5617597103118896,
      1.329668641090393,
      2.5268478393554688,
      2.5735554695129395,
      1.486126184463501,
      1.0226919651031494,
      3.227372169494629,
      1.7499122619628906,
      3.3929665088653564,
      1.3594756126403809,
      1.828637719154358,
      1.9613162279129028,
      3.2168257236480713,
      2.504624128341675
    ],
    [
      7.973301410675049,
      28.3811092376709,
      0.41985535621643066,
      0.8681410551071167,
      -0.4824926555156708,
      1.9776488542556763,
      -1.1326731443405151,
      0.31403353810310364,
      -2.1106135845184326,
      -0.7119426131248474,
      -1.9003909826278687,
      -0.48172900080680847,
      -1.331747055053711,
      -2.2701356410980225,
      -3.5278470516204834,
      -3.7475876808166504,
      -6.041360855102539,
      -8.117633819580078
    ],
    [
      3.7191383838653564,
      0.41985535621643066,
      10.51821231842041,
      3.460059881210327,
      8.154294967651367,
      5.623687267303467,
      8.037935256958008,
      6.668894290924072,
      8.234222412109375,
      6.180612087249756,
      8.733620643615723,
      6.880080699920654,
      8.33999252319336,
      7.507573127746582,
      8.321873664855957,
      8.145750045776367,
      9.118288040161133,
      8.451881408691406
    ],
    [
      0.7044752240180969,
      0.8681410551071167,
      3.460059881210327,
      9.648701667785645,
      2.7004528045654297,
      6.077248573303223,
      1.7359211444854736,
      3.567070245742798,
      1.2102277278900146,
      1.7266063690185547,
      1.64613676071167,
      2.517883539199829,
      1.1939947605133057,
      2.1633856296539307,
      2.728945016860962,
      1.9544785022735596,
      1.6631133556365967,
      0.8164466619491577
    ],
    [
      2.5617597103118896,
      -0.4824926555156708,
      8.154294967651367,
      2.7004528045654297,
      13.385703086853027,
      9.702533721923828,
      9.635320663452148,
      7.72061824798584,
      10.47476863861084,
      8.784903526306152,
      10.237997055053711,
      8.577229499816895,
      8.977659225463867,
      8.623300552368164,
      8.021899223327637,
      8.718218803405762,
      8.572763442993164,
      9.023297309875488
    ],
    [
      1.329668641090393,
      1.9776488542556763,
      5.623687267303467,
      6.077248573303223,
      9.702533721923828,
      15.56593132019043,
      6.085184574127197,
      6.944913387298584,
      7.186253070831299,
      7.857430934906006,
      6.707637310028076,
      7.253737926483154,
      5.163341522216797,
      7.026152610778809,
      5.864034175872803,
      5.596590995788574,
      3.6831297874450684,
      4.4257001876831055
    ],
    [
      2.5268478393554688,
      -1.1326731443405151,
      8.037935256958008,
      1.7359211444854736,
      9.635320663452148,
      6.085184574127197,
      15.619537353515625,
      10.20673656463623,
      14.180206298828125,
      11.559991836547852,
      12.739607810974121,
      11.220186233520508,
      11.127143859863281,
      11.124238014221191,
      9.747698783874512,
      10.544161796569824,
      10.638070106506348,
      11.419722557067871
    ],
    [
      2.5735554695129395,
      0.31403353810310364,
      6.668894290924072,
      3.567070245742798,
      7.72061824798584,
      6.944913387298584,
      10.20673656463623,
      11.153973579406738,
      9.540051460266113,
      9.450896263122559,
      8.477206230163574,
      9.119080543518066,
      7.4230804443359375,
      8.745905876159668,
      7.263617515563965,
      7.968996047973633,
      7.708946228027344,
      8.233280181884766
    ],
    [
      1.486126184463501,
      -2.1106135845184326,
      8.234222412109375,
      1.2102277278900146,
      10.47476863861084,
      7.186253070831299,
      14.180206298828125,
      9.540051460266113,
      19.789575576782227,
      15.099831581115723,
      15.157886505126953,
      13.593521118164062,
      12.532093048095703,
      13.840331077575684,
      11.269253730773926,
      13.132170677185059,
      12.89315128326416,
      14.02353572845459
    ],
    [
      1.0226919651031494,
      -0.7119426131248474,
      6.180612087249756,
      1.7266063690185547,
      8.784903526306152,
      7.857430934906006,
      11.559991836547852,
      9.450896263122559,
      15.099831581115723,
      17.132278442382812,
      10.306796073913574,
      12.704216003417969,
      8.08210563659668,
      12.137574195861816,
      8.009866714477539,
      10.405991554260254,
      8.735795974731445,
      11.485733985900879
    ],
    [
      3.227372169494629,
      -1.9003909826278687,
      8.733620643615723,
      1.64613676071167,
      10.237997055053711,
      6.707637310028076,
      12.739607810974121,
      8.477206230163574,
      15.157886505126953,
      10.306796073913574,
      18.47019386291504,
      12.273670196533203,
      15.04996395111084,
      14.340834617614746,
      12.608795166015625,
      13.756049156188965,
      13.66606330871582,
      14.435259819030762
    ],
    [
      1.7499122619628906,
      -0.48172900080680847,
      6.880080699920654,
      2.517883539199829,
      8.577229499816895,
      7.253737926483154,
      11.220186233520508,
      9.119080543518066,
      13.593521118164062,
      12.704216003417969,
      12.273670196533203,
      14.82906436920166,
      9.744498252868652,
      13.679160118103027,
      9.9487943649292,
      12.574801445007324,
      10.65693473815918,
      12.35634994506836
    ],
    [
      3.3929665088653564,
      -1.331747055053711,
      8.33999252319336,
      1.1939947605133057,
      8.977659225463867,
      5.163341522216797,
      11.127143859863281,
      7.4230804443359375,
      12.532093048095703,
      8.08210563659668,
      15.04996395111084,
      9.744498252868652,
      17.513669967651367,
      13.829825401306152,
      14.923184394836426,
      15.094101905822754,
      15.717363357543945,
      14.783963203430176
    ],
    [
      1.3594756126403809,
      -2.2701356410980225,
      7.507573127746582,
      2.1633856296539307,
      8.623300552368164,
      7.026152610778809,
      11.124238014221191,
      8.745905876159668,
      13.840331077575684,
      12.137574195861816,
      14.340834617614746,
      13.679160118103027,
      13.829825401306152,
      19.19127655029297,
      14.201828002929688,
      16.634016036987305,
      13.710537910461426,
      16.117212295532227
    ],
    [
      1.828637719154358,
      -3.5278470516204834,
      8.321873664855957,
      2.728945016860962,
      8.021899223327637,
      5.864034175872803,
      9.747698783874512,
      7.263617515563965,
      11.269253730773926,
      8.009866714477539,
      12.608795166015625,
      9.9487943649292,
      14.923184394836426,
      14.201828002929688,
      19.46579360961914,
      17.37847328186035,
      18.895254135131836,
      17.480209350585938
    ],
    [
      1.9613162279129028,
      -3.7475876808166504,
      8.145750045776367,
      1.9544785022735596,
      8.718218803405762,
      5.596590995788574,
      10.544161796569824,
      7.968996047973633,
      13.132170677185059,
      10.405991554260254,
      13.756049156188965,
      12.574801445007324,
      15.094101905822754,
      16.634016036987305,
      17.37847328186035,
      22.150388717651367,
      19.636760711669922,
      21.410234451293945
    ],
    [
      3.2168257236480713,
      -6.041360855102539,
      9.118288040161133,
      1.6631133556365967,
      8.572763442993164,
      3.6831297874450684,
      10.638070106506348,
      7.708946228027344,
      12.89315128326416,
      8.735795974731445,
      13.66606330871582,
      10.65693473815918,
      15.717363357543945,
      13.710537910461426,
      18.895254135131836,
      19.636760711669922,
      26.388782501220703,
      24.78215217590332
    ],
    [
      2.504624128341675,
      -8.117633819580078,
      8.451881408691406,
      0.8164466619491577,
      9.023297309875488,
      4.4257001876831055,
      11.419722557067871,
      8.233280181884766,
      14.02353572845459,
      11.485733985900879,
      14.435259819030762,
      12.35634994506836,
      14.783963203430176,
      16.117212295532227,
      17.480209350585938,
      21.410234451293945,
      24.78215217590332,
      31.847219467163086
    ]
  ],
  "covariance_short": [
    [
      44.6096076965332,
      21.185346603393555,
      4.426092147827148,
      2.135082721710205,
      1.3031659126281738,
      -0.24183309078216553,
      0.8186535239219666,
      -0.23313498497009277,
      -0.5196691155433655,
      -1.1131099462509155,
      2.9139554500579834,
      -1.3598960638046265,
      3.7063486576080322,
      -0.9573291540145874,
      -0.22182171046733856,
      -0.5882167816162109,
      2.8067262172698975,
      2.989596128463745
    ],
    [
      21.185346603393555,
      73.83458709716797,
      4.884490013122559,
      8.560328483581543,
      0.36892640590667725,
      5.082993984222412,
      -1.465254545211792,
      0.4021316170692444,
      -2.5703341960906982,
      -1.5300709009170532,
      -2.1682071685791016,
      -0.8073622584342957,
      -3.376777410507202,
      -2.0655462741851807,
      -6.036316871643066,
      -5.9942193031311035,
      -8.955902099609375,
      -8.828851699829102
    ],
    [
      4.426092147827148,
      4.884490013122559,
      13.750616073608398,
      3.0367166996002197,
      6.58022403717041,
      3.9251792430877686,
      6.100028038024902,
      5.3659281730651855,
      5.626595497131348,
      3.7440755367279053,
      5.844540596008301,
      4.533382415771484,
      6.910459518432617,
      4.913375377655029,
      6.372737884521484,
      5.8424601554870605,
      7.006560325622559,
      5.837286949157715
    ],
    [
      2.135082721710205,
      8.560328483581543,
      3.0367166996002197,
      15.340981483459473,
      2.313934803009033,
      6.543243408203125,
      1.1526535749435425,
      3.100918769836426,
      -0.15300658345222473,
      0.9661312103271484,
      0.5376037955284119,
      1.9175618886947632,
      0.49574097990989685,
      0.7960773706436157,
      1.5494874715805054,
      1.3972468376159668,
      0.3260623514652252,
      -0.8880231380462646
    ],
    [
      1.3031659126281738,
      0.36892640590667725,
      6.58022403717041,
      2.313934803009033,
      17.97429656982422,
      10.574079513549805,
      11.344409942626953,
      9.02906608581543,
      11.173060417175293,
      8.528013229370117,
      11.060121536254883,
      8.369693756103516,
      10.90590763092041,
      8.474471092224121,
      9.917153358459473,
      9.370194435119629,
      9.838095664978027,
      8.707276344299316
    ],
    [
      -0.24183309078216553,
      5.082993984222412,
      3.9251792430877686,
      6.543243408203125,
      10.574079513549805,
      20.529645919799805,
      7.2518086433410645,
      8.281871795654297,
      6.862182140350342,
      7.662434101104736,
      6.573798656463623,
      7.1478071212768555,
      5.4738311767578125,
      6.594606399536133,
      7.355396747589111,
      6.151429176330566,
      4.552326202392578,
      3.724151611328125
    ],
    [
      0.8186535239219666,
      -1.465254545211792,
      6.100028038024902,
      1.1526535749435425,
      11.344409942626953,
      7.2518086433410645,
      20.99970817565918,
      12.34483528137207,
      16.125207901000977,
      12.507402420043945,
      15.68791675567627,
      11.978559494018555,
      15.177026748657227,
      12.468648910522461,
      13.140963554382324,
      12.093555450439453,
      12.61055850982666,
      11.506678581237793
    ],
    [
      -0.23313498497009277,
      0.4021316170692444,
      5.3659281730651855,
      3.100918769836426,
      9.02906608581543,
      8.281871795654297,
      12.34483528137207,
      15.898534774780273,
      10.605504035949707,
      10.270650863647461,
      10.234028816223145,
      9.890239715576172,
      9.820096015930176,
      9.894853591918945,
      9.545921325683594,
      9.495494842529297,
      9.193055152893066,
      8.606307983398438
    ],
    [
      -0.5196691155433655,
      -2.5703341960906982,
      5.626595497131348,
      -0.15300658345222473,
      11.173060417175293,
      6.862182140350342,
      16.125207901000977,
      10.605504035949707,
      23.65716552734375,
      15.825963020324707,
      18.411968231201172,
      14.506104469299316,
      17.39032554626465,
      15.07508659362793,
      15.571958541870117,
      15.061187744140625,
      15.95649528503418,
      14.305408477783203
    ],
    [
      -1.1131099462509155,
      -1.5300709009170532,
      3.7440755367279053,
      0.9661312103271484,
      8.528013229370117,
      7.662434101104736,
      12.507402420043945,
      10.270650863647461,
      15.825963020324707,
      19.692249298095703,
      11.899377822875977,
      13.71322250366211,
      10.026812553405762,
      13.014476776123047,
      9.796344757080078,
      11.460987091064453,
      10.059744834899902,
      11.600509643554688
    ],
    [
      2.9139554500579834,
      -2.1682071685791016,
      5.844540596008301,
      0.5376037955284119,
      11.060121536254883,
      6.573798656463623,
      15.68791675567627,
      10.234028816223145,
      18.411968231201172,
      11.899377822875977,
      25.159637451171875,
      15.245476722717285,
      22.30937385559082,
      17.362525939941406,
      19.152284622192383,
      17.639108657836914,
      19.24533462524414,
      16.656770706176758
    ],
    [
      -1.3598960638046265,
      -0.8073622584342957,
      4.533382415771484,
      1.9175618886947632,
      8.369693756103516,
      7.1478071212768555,
      11.978559494018555,
      9.890239715576172,
      14.506104469299316,
      13.71322250366211,
      15.245476722717285,
      18.499473571777344,
      13.168717384338379,
      15.917704582214355,
      13.41067123413086,
      15.491986274719238,
      13.593581199645996,
      13.738065719604492
    ],
    [
      3.7063486576080322,
      -3.376777410507202,
      6.910459518432617,
      0.49574097990989685,
      10.90590763092041,
      5.4738311767578125,
      15.177026748657227,
      9.820096015930176,
      17.39032554626465,
      10.026812553405762,
      22.30937385559082,
      13.168717384338379,
      29.826339721679688,
      19.706298828125,
      25.928936004638672,
      22.58205795288086,
      25.814899444580078,
      21.084177017211914
    ],
    [
      -0.9573291540145874,
      -2.0655462741851807,
      4.913375377655029,
      0.7960773706436157,
      8.474471092224121,
      6.594606399536133,
      12.468648910522461,
      9.894853591918945,
      15.07508659362793,
      13.014476776123047,
      17.362525939941406,
      15.917704582214355,
      19.706298828125,
      23.6294002532959,
      20.087358474731445,
      21.672035217285156,
      19.52682113647461,
      19.571918487548828
    ],
    [
      -0.22182171046733856,
      -6.036316871643066,
      6.372737884521484,
      1.5494874715805054,
      9.917153358459473,
      7.355396747589111,
      13.140963554382324,
      9.545921325683594,
      15.571958541870117,
      9.796344757080078,
      19.152284622192383,
      13.41067123413086,
      25.928936004638672,
      20.087358474731445,
      34.45104217529297,
      28.682241439819336,
      32.40578079223633,
      26.379789352416992
    ],
    [
      -0.5882167816162109,
      -5.9942193031311035,
      5.8424601554870605,
      1.3972468376159668,
      9.370194435119629,
      6.151429176330566,
      12.093555450439453,
      9.495494842529297,
      15.061187744140625,
      11.460987091064453,
      17.639108657836914,
      15.491986274719238,
      22.58205795288086,
      21.672035217285156,
      28.682241439819336,
      33.64265823364258,
      30.87802505493164,
      29.242311477661133
    ],
    [
      2.8067262172698975,
      -8.955902099609375,
      7.006560325622559,
      0.3260623514652252,
      9.838095664978027,
      4.552326202392578,
      12.61055850982666,
      9.193055152893066,
      15.95649528503418,
      10.059744834899902,
      19.24533462524414,
      13.593581199645996,
      25.814899444580078,
      19.52682113647461,
      32.40578079223633,
      30.87802505493164,
      45.17405700683594,
      37.672000885009766
    ],
    [
      2.989596128463745,
      -8.828851699829102,
      5.837286949157715,
      -0.8880231380462646,
      8.707276344299316,
      3.724151611328125,
      11.506678581237793,
      8.606307983398438,
      14.305408477783203,
      11.600509643554688,
      16.656770706176758,
      13.738065719604492,
      21.084177017211914,
      19.571918487548828,
      26.379789352416992,
      29.242311477661133,
      37.672000885009766,
      42.60850143432617
    ]
  ],
  "drr": 13.670730590820312,
  "dynamics": 2.277717351913452,
  "format": 1245190,
  "frames": 10700800,
  "loudness": -6.805154800415039,
  "loudness_range": 4.902556419372559,
  "loudness_range_short": 6.768334865570068,
  "peak": 0.13709476590156555,
  "rms": -9.421244621276855,
  "sample_rate": 44100,
  "sections": 1,
  "seekable": 1,
  "sharpness": 1.659598469734192,
  "space": -5.741719722747803
}