{
  "bands": [
    {
      "high_freq": 148.1999969482422,
      "loudness": -40.07585525512695,
      "loudness_range": 16.576427459716797,
      "mid_mean": -38.794677734375,
      "mid_to_side_loudness": -1.586114525794983,
      "mid_to_side_loudness_range": 3.375807285308838,
      "side_mean": -40.20478057861328
    },
    {
      "high_freq": 392.3793640136719,
      "loudness": -28.756078720092773,
      "loudness_range": 13.238969802856445,
      "low_freq": 148.1999969482422,
      "mid_mean": -27.307130813598633,
      "mid_to_side_loudness": -2.042245388031006,
      "mid_to_side_loudness_range": 4.734495639801025,
      "side_mean": -29.27618408203125
    },
    {
      "high_freq": 794.6976318359375,
      "loudness": -26.11119270324707,
      "loudness_range": 12.433177947998047,
      "low_freq": 392.3793640136719,
      "mid_mean": -24.394115447998047,
      "mid_to_side_loudness": -3.008847951889038,
      "mid_to_side_loudness_range": 6.266019344329834,
      "side_mean": -27.24700164794922
    },
    {
      "high_freq": 1457.5709228515625,
      "loudness": -34.21773910522461,
      "loudness_range": 14.889812469482422,
      "low_freq": 794.6976318359375,
      "mid_mean": -32.31937026977539,
      "mid_to_side_loudness": -3.898021697998047,
      "mid_to_side_loudness_range": 8.852241516113281,
      "side_mean": -36.08125686645508
    },
    {
      "high_freq": 2549.74365234375,
      "loudness": -40.77822494506836,
      "loudness_range": 15.658340454101562,
      "low_freq": 1457.5709228515625,
      "mid_mean": -38.86671447753906,
      "mid_to_side_loudness": -4.049516677856445,
      "mid_to_side_loudness_range": 9.011795997619629,
      "side_mean": -42.7733268737793
    },
    {
      "high_freq": 4349.24462890625,
      "loudness": -52.17070770263672,
      "loudness_range": 16.532211303710938,
      "low_freq": 2549.74365234375,
      "mid_mean": -50.93770217895508,
      "mid_to_side_loudness": -3.6536073684692383,
      "mid_to_side_loudness_range": 8.067048072814941,
      "side_mean": -54.29804992675781
    },
    {
      "high_freq": 7314.1640625,
      "loudness": -67.3611068725586,
      "loudness_range": 22.238449096679688,
      "low_freq": 4349.24462890625,
      "mid_mean": -63.22550964355469,
      "mid_to_side_loudness": -3.8582499027252197,
      "mid_to_side_loudness_range": 8.76132583618164,
      "side_mean": -65.4505615234375
    },
    {
      "high_freq": 12199.2666015625,
      "loudness": -76.71859741210938,
      "loudness_range": 6.91766357421875,
      "low_freq": 7314.1640625,
      "mid_mean": -68.63457489013672,
      "mid_to_side_loudness": -2.6698200702667236,
      "mid_to_side_loudness_range": 2.2303082942962646,
      "side_mean": -69.21437072753906
    },
    {
      "loudness": 0,
      "loudness_range": 0,
      "low_freq": 12199.2666015625,
      "mid_mean": -68.95767211914062,
      "mid_to_side_loudness": -3.6780929565429688,
      "mid_to_side_loudness_range": 2.8494715690612793,
      "side_mean": -69.52532196044922
    }
  ],
  "bands_short": [
    {
      "high_freq": 148.1999969482422,
      "loudness": -44.93937683105469,
      "loudness_range": 23.285472869873047,
      "mid_mean": -43.821659088134766,
      "mid_to_side_loudness": -1.7427546977996826,
      "mid_to_side_loudness_range": 10.161861419677734,
      "side_mean": -45.446346282958984
    },
    {
      "high_freq": 392.3793640136719,
      "loudness": -30.347003936767578,
      "loudness_range": 17.560646057128906,
      "low_freq": 148.1999969482422,
      "mid_mean": -29.044086456298828,
      "mid_to_side_loudness": -2.1408846378326416,
      "mid_to_side_loudness_range": 6.594222545623779,
      "side_mean": -30.945877075195312
    },
    {
      "high_freq": 794.6976318359375,
      "loudness": -26.745527267456055,
      "loudness_range": 15.510686874389648,
      "low_freq": 392.3793640136719,
      "mid_mean": -25.140857696533203,
      "mid_to_side_loudness": -2.9765594005584717,
      "mid_to_side_loudness_range": 8.429723739624023,
      "side_mean": -27.90595245361328
    },
    {
      "high_freq": 1457.5709228515625,
      "loudness": -34.63779067993164,
      "loudness_range": 19.024463653564453,
      "low_freq": 794.6976318359375,
      "mid_mean": -32.796958923339844,
      "mid_to_side_loudness": -3.9065561294555664,
      "mid_to_side_loudness_range": 10.371594429016113,
      "side_mean": -36.67369842529297
    },
    {
      "high_freq": 2549.74365234375,
      "loudness": -42.3448600769043,
      "loudness_range": 19.611413955688477,
      "low_freq": 1457.5709228515625,
      "mid_mean": -40.53089904785156,
      "mid_to_side_loudness": -4.005904197692871,
      "mid_to_side_loudness_range": 10.76852035522461,
      "side_mean": -44.51882553100586
    },
    {
      "high_freq": 4349.24462890625,
      "loudness": -52.69426727294922,
      "loudness_range": 20.7138671875,
      "low_freq": 2549.74365234375,
      "mid_mean": -51.63390350341797,
      "mid_to_side_loudness": -3.7833433151245117,
      "mid_to_side_loudness_range": 9.467495918273926,
      "side_mean": -55.11279296875
    },
    {
      "high_freq": 7314.1640625,
      "loudness": -68.79718780517578,
      "loudness_range": 23.231685638427734,
      "low_freq": 4349.24462890625,
      "mid_mean": -64.10383605957031,
      "mid_to_side_loudness": -3.541520357131958,
      "mid_to_side_loudness_range": 8.209796905517578,
      "side_mean": -66.01815795898438
    },
    {
      "high_freq": 12199.2666015625,
      "loudness": -77.07786560058594,
      "loudness_range": 6.025871276855469,
      "low_freq": 7314.1640625,
      "mid_mean": -68.75029754638672,
      "mid_to_side_loudness": -2.480980634689331,
      "mid_to_side_loudness_range": 2.2349777221679688,
      "side_mean": -69.2615737915039
    },
    {
      "loudness": 0,
      "loudness_range": 0,
      "low_freq": 12199.2666015625,
      "mid_mean": -68.9554443359375,
      "mid_to_side_loudness": -3.6413347721099854,
      "mid_to_side_loudness_range": 3.414299964904785,
      "side_mean": -69.52302551269531
    }
  ],
  "channels": 2,
  "covariance": [
    [
      34.99882888793945,
      34.05750274658203,
      12.250666618347168,
      13.19631290435791,
      7.101814270019531,
      8.36209487915039,
      8.119333267211914,
      10.236584663391113,
      7.5020670890808105,
      10.260431289672852,
      12.637914657592773,
      15.321956634521484,
      5.284502029418945,
      4.543651580810547,
      0.30929332971572876,
      0.21656666696071625,
      0.1541602462530136,
      0.09117429703474045
    ],
    [
      34.05750274658203,
      36.77427673339844,
      13.020947456359863,
      14.061930656433105,
      7.149287223815918,
      8.964008331298828,
      7.967099666595459,
      11.100530624389648,
      7.24963903427124,
      11.063776016235352,
      10.950756072998047,
      15.103940963745117,
      4.557522296905518,
      4.466188907623291,
      0.11279027909040451,
      0.1309429109096527,
      0.07896719872951508,
      0.07269866019487381
    ],
    [
      12.250666618347168,
      13.020947456359863,
      26.725269317626953,
      24.13005256652832,
      11.526694297790527,
      13.19868278503418,
      8.438143730163574,
      10.7285737991333,
      9.77473258972168,
      12.012317657470703,
      13.305498123168945,
      15.7723970413208,
      5.217752933502197,
      4.509142875671387,
      -0.2249029576778412,
      -0.22936901450157166,
      0.19202902913093567,
      0.09707079082727432
    ],
    [
      13.19631290435791,
      14.061930656433105,
      24.13005256652832,
      28.451324462890625,
      10.291431427001953,
      13.370562553405762,
      8.088839530944824,
      10.659868240356445,
      8.76177978515625,
      11.266904830932617,
      11.400809288024902,
      14.504044532775879,
      4.144077301025391,
      3.4769175052642822,
      -0.3362334668636322,
      -0.3434167504310608,
      0.12652380764484406,
      0.09678088128566742
    ],
    [
      7.101814270019531,
      7.149287223815918,
      11.526694297790527,
      10.291431427001953,
      23.413095474243164,
      21.443910598754883,
      14.872442245483398,
      16.136857986450195,
      18.59334373474121,
      19.944704055786133,
      21.622407913208008,
      21.52003288269043,
      13.735398292541504,
      11.302404403686523,
      1.1248928308486938,
      0.7132218480110168,
      0.3407120704650879,
      0.1008884459733963
    ],
    [
      8.36209487915039,
      8.964008331298828,
      13.19868278503418,
      13.370562553405762,
      21.443910598754883,
      29.25054359436035,
      15.676448822021484,
      21.401113510131836,
      18.651042938232422,
      25.72117042541504,
      20.928091049194336,
      27.08550262451172,
      13.20607852935791,
      13.769317626953125,
      1.2178398370742798,
      0.930048406124115,
      0.1863827258348465,
      0.1446875035762787
    ],
    [
      8.119333267211914,
      7.967099666595459,
      8.438143730163574,
      8.088839530944824,
      14.872442245483398,
      15.676448822021484,
      30.83662986755371,
      22.93488121032715,
      22.624065399169922,
      19.293498992919922,
      24.254430770874023,
      21.74007225036621,
      17.843996047973633,
      12.646323204040527,
      3.165276527404785,
      1.6859445571899414,
      0.39726755023002625,
      0.10165849328041077
    ],
    [
      10.236584663391113,
      11.100530624389648,
      10.7285737991333,
      10.659868240356445,
      16.136857986450195,
      21.401113510131836,
      22.93488121032715,
      32.53715515136719,
      19.48798370361328,
      28.10045051574707,
      23.021381378173828,
      29.988677978515625,
      16.297300338745117,
      17.079988479614258,
      2.3786511421203613,
      2.0833210945129395,
      0.1372671127319336,
      0.1472487598657608
    ],
    [
      7.5020670890808105,
      7.24963903427124,
      9.77473258972168,
      8.76177978515625,
      18.59334373474121,
      18.651042938232422,
      22.624065399169922,
      19.48798370361328,
      33.48609161376953,
      26.061466217041016,
      29.011857986450195,
      25.73952865600586,
      19.260602951049805,
      13.85825252532959,
      2.2809646129608154,
      1.2599215507507324,
      0.4226442873477936,
      0.11353559792041779
    ],
    [
      10.260431289672852,
      11.063776016235352,
      12.012317657470703,
      11.266904830932617,
      19.944704055786133,
      25.72117042541504,
      19.293498992919922,
      28.10045051574707,
      26.061466217041016,
      39.189796447753906,
      28.034069061279297,
      36.68285369873047,
      17.974069595336914,
      19.51006507873535,
      1.8714141845703125,
      1.7243388891220093,
      0.2019224911928177,
      0.16758430004119873
    ],
    [
      12.637914657592773,
      10.950756072998047,
      13.305498123168945,
      11.400809288024902,
      21.622407913208008,
      20.928091049194336,
      24.254430770874023,
      23.021381378173828,
      29.011857986450195,
      28.034069061279297,
      45.8264045715332,
      41.21793746948242,
      26.628082275390625,
      20.327930450439453,
      3.4419314861297607,
      2.005053758621216,
      0.7912461757659912,
      0.31532421708106995
    ],
    [
      15.321956634521484,
      15.103940963745117,
      15.7723970413208,
      14.504044532775879,
      21.52003288269043,
      27.08550262451172,
      21.74007225036621,
      29.988677978515625,
      25.73952865600586,
      36.68285369873047,
      41.21793746948242,
      50.38152313232422,
      24.180452346801758,
      24.73423957824707,
      2.8253188133239746,
      2.3230130672454834,
      0.49982550740242004,
      0.34021058678627014
    ],
    [
      5.284502029418945,
      4.557522296905518,
      5.217752933502197,
      4.144077301025391,
      13.735398292541504,
      13.20607852935791,
      17.843996047973633,
      16.297300338745117,
      19.260602951049805,
      17.974069595336914,
      26.628082275390625,
      24.180452346801758,
      27.941442489624023,
      21.50330924987793,
      3.6418235301971436,
      2.121483325958252,
      0.45374375581741333,
      0.15957312285900116
    ],
    [
      4.543651580810547,
      4.466188907623291,
      4.509142875671387,
      3.4769175052642822,
      11.302404403686523,
      13.769317626953125,
      12.646323204040527,
      17.079988479614258,
      13.85825252532959,
      19.51006507873535,
      20.327930450439453,
      24.73423957824707,
      21.50330924987793,
      22.716495513916016,
      2.511547565460205,
      2.1970221996307373,
      0.22424493730068207,
      0.1493522673845291
    ],
    [
      0.30929332971572876,
      0.11279027909040451,
      -0.2249029576778412,
      -0.3362334668636322,
      1.1248928308486938,
      1.2178398370742798,
      3.165276527404785,
      2.3786511421203613,
      2.2809646129608154,
      1.8714141845703125,
      3.4419314861297607,
      2.8253188133239746,
      3.6418235301971436,
      2.511547565460205,
      1.6285778284072876,
      0.8640646934509277,
      0.06274837255477905,
      0.02547074854373932
    ],
    [
      0.21656666696071625,
      0.1309429109096527,
      -0.22936901450157166,
      -0.3434167504310608,
      0.7132218480110168,
      0.930048406124115,
      1.6859445571899414,
      2.0833210945129395,
      1.2599215507507324,
      1.7243388891220093,
      2.005053758621216,
      2.3230130672454834,
      2.121483325958252,
      2.1970221996307373,
      0.8640646934509277,
      0.7724170088768005,
      0.016507264226675034,
      0.018636668100953102
    ],
    [
      0.1541602462530136,
      0.07896719872951508,
      0.19202902913093567,
      0.12652380764484406,
      0.3407120704650879,
      0.1863827258348465,
      0.39726755023002625,
      0.1372671127319336,
      0.4226442873477936,
      0.2019224911928177,
      0.7912461757659912,
      0.49982550740242004,
      0.45374375581741333,
      0.22424493730068207,
      0.06274837255477905,
      0.016507264226675034,
      0.04844473674893379,
      0.010200870223343372
    ],
    [
      0.09117429703474045,
      0.07269866019487381,
      0.09707079082727432,
      0.09678088128566742,
      0.1008884459733963,
      0.1446875035762787,
      0.10165849328041077,
      0.1472487598657608,
      0.11353559792041779,
      0.16758430004119873,
      0.31532421708106995,
      0.34021058678627014,
      0.15957312285900116,
      0.1493522673845291,
      0.02547074854373932,
      0.018636668100953102,
      0.010200870223343372,
      0.005773831624537706
    ]
  ],
  "covariance_short": [
    [
      66.05561065673828,
      62.2932014465332,
      20.254615783691406,
      20.391956329345703,
      12.972419738769531,
      15.153164863586426,
      14.802839279174805,
      18.687894821166992,
      15.13288402557373,
      20.908950805664062,
      22.00493621826172,
      25.084510803222656,
      9.311100006103516,
      8.189569473266602,
      0.7290758490562439,
      0.4798276126384735,
      0.24273428320884705,
      0.13254237174987793
    ],
    [
      62.2932014465332,
      72.46754455566406,
      21.764039993286133,
      22.264440536499023,
      13.482124328613281,
      16.25116539001465,
      14.231733322143555,
      20.03482437133789,
      14.872149467468262,
      22.783802032470703,
      21.49663543701172,
      26.62077522277832,
      8.927499771118164,
      8.575396537780762,
      0.6014067530632019,
      0.4479850232601166,
      0.18121987581253052,
      0.1287301927804947
    ],
    [
      20.254615783691406,
      21.764039993286133,
      43.04827117919922,
      37.37466049194336,
      19.421207427978516,
      22.17900276184082,
      14.571712493896484,
      19.279254913330078,
      16.88019371032715,
      22.036001205444336,
      21.417823791503906,
      24.979541778564453,
      8.02771282196045,
      6.788554668426514,
      0.3246660828590393,
      0.16763025522232056,
      0.23616215586662292,
      0.14457640051841736
    ],
    [
      20.391956329345703,
      22.264440536499023,
      37.37466049194336,
      45.40169143676758,
      18.053709030151367,
      24.038599014282227,
      14.240827560424805,
      20.182880401611328,
      16.12986946105957,
      22.502647399902344,
      19.11795425415039,
      24.281373977661133,
      6.826014041900635,
      6.197968006134033,
      0.14301884174346924,
      0.09028962254524231,
      0.13289692997932434,
      0.14359284937381744
    ],
    [
      12.972419738769531,
      13.482124328613281,
      19.421207427978516,
      18.053709030151367,
      34.57048034667969,
      30.77557945251465,
      20.826292037963867,
      22.675973892211914,
      25.973617553710938,
      28.207094192504883,
      29.86116600036621,
      29.62283706665039,
      16.40679931640625,
      12.829142570495605,
      1.2865773439407349,
      0.7657788395881653,
      0.40397879481315613,
      0.14289124310016632
    ],
    [
      15.153164863586426,
      16.25116539001465,
      22.17900276184082,
      24.038599014282227,
      30.77557945251465,
      42.99576187133789,
      21.77054214477539,
      29.307029724121094,
      26.183320999145508,
      34.60093307495117,
      29.47750473022461,
      36.39704895019531,
      15.748779296875,
      15.162665367126465,
      1.2172645330429077,
      0.9515784382820129,
      0.2150001972913742,
      0.2020314633846283
    ],
    [
      14.802839279174805,
      14.231733322143555,
      14.571712493896484,
      14.240827560424805,
      20.826292037963867,
      21.77054214477539,
      44.56612777709961,
      33.40336227416992,
      33.134098052978516,
      29.29437828063965,
      35.749874114990234,
      31.83815574645996,
      22.051097869873047,
      15.676097869873047,
      3.286719799041748,
      1.7385092973709106,
      0.518775463104248,
      0.13827481865882874
    ],
    [
      18.687894821166992,
      20.03482437133789,
      19.279254913330078,
      20.182880401611328,
      22.675973892211914,
      29.307029724121094,
      33.40336227416992,
      47.400062561035156,
      29.23978614807129,
      40.59425735473633,
      34.098812103271484,
      42.66591262817383,
      20.311182022094727,
      20.291330337524414,
      2.40045166015625,
      2.0966296195983887,
      0.17273874580860138,
      0.20951059460639954
    ],
    [
      15.13288402557373,
      14.872149467468262,
      16.88019371032715,
      16.12986946105957,
      25.973617553710938,
      26.183320999145508,
      33.134098052978516,
      29.23978614807129,
      48.83646774291992,
      39.158653259277344,
      40.817527770996094,
      36.08319854736328,
      23.950464248657227,
      17.097936630249023,
      2.875877618789673,
      1.5090898275375366,
      0.5183373093605042,
      0.16063573956489563
    ],
    [
      20.908950805664062,
      22.783802032470703,
      22.036001205444336,
      22.502647399902344,
      28.207094192504883,
      34.60093307495117,
      29.29437828063965,
      40.59425735473633,
      39.158653259277344,
      56.99973678588867,
      40.13324737548828,
      50.14970779418945,
      22.828893661499023,
      22.826784133911133,
      2.210716724395752,
      1.9185212850570679,
      0.22506922483444214,
      0.23727251589298248
    ],
    [
      22.00493621826172,
      21.49663543701172,
      21.417823791503906,
      19.11795425415039,
      29.86116600036621,
      29.47750473022461,
      35.749874114990234,
      34.098812103271484,
      40.817527770996094,
      40.13324737548828,
      62.38294982910156,
      54.72060775756836,
      32.51114273071289,
      24.030521392822266,
      3.8376145362854004,
      2.138697385787964,
      0.8942542672157288,
      0.3655945658683777
    ],
    [
      25.084510803222656,
      26.62077522277832,
      24.979541778564453,
      24.281373977661133,
      29.62283706665039,
      36.39704895019531,
      31.83815574645996,
      42.66591262817383,
      36.08319854736328,
      50.14970779418945,
      54.72060775756836,
      65.76001739501953,
      29.084842681884766,
      28.361833572387695,
      3.0049233436584473,
      2.4028878211975098,
      0.5117506384849548,
      0.4068487584590912
    ],
    [
      9.311100006103516,
      8.927499771118164,
      8.02771282196045,
      6.826014041900635,
      16.40679931640625,
      15.748779296875,
      22.051097869873047,
      20.311182022094727,
      23.950464248657227,
      22.828893661499023,
      32.51114273071289,
      29.084842681884766,
      29.327985763549805,
      21.956199645996094,
      3.751217842102051,
      2.1009514331817627,
      0.4709934890270233,
      0.17413675785064697
    ],
    [
      8.189569473266602,
      8.575396537780762,
      6.788554668426514,
      6.197968006134033,
      12.829142570495605,
      15.162665367126465,
      15.676097869873047,
      20.291330337524414,
      17.097936630249023,
      22.826784133911133,
      24.030521392822266,
      28.361833572387695,
      21.956199645996094,
      22.310781478881836,
      2.448451519012451,
      2.1021859645843506,
      0.20728802680969238,
      0.16671162843704224
    ],
    [
      0.7290758490562439,
      0.6014067530632019,
      0.3246660828590393,
      0.14301884174346924,
      1.2865773439407349,
      1.2172645330429077,
      3.286719799041748,
      2.40045166015625,
      2.875877618789673,
      2.210716724395752,
      3.8376145362854004,
      3.0049233436584473,
      3.751217842102051,
      2.448451519012451,
      1.6357324123382568,
      0.8111818432807922,
      0.07150587439537048,
      0.027453212067484856
    ],
    [
      0.4798276126384735,
      0.4479850232601166,
      0.16763025522232056,
      0.09028962254524231,
      0.7657788395881653,
      0.9515784382820129,
      1.7385092973709106,
      2.0966296195983887,
      1.5090898275375366,
      1.9185212850570679,
      2.138697385787964,
      2.4028878211975098,
      2.1009514331817627,
      2.1021859645843506,
      0.8111818432807922,
      0.7251513600349426,
      0.019611781463027,
      0.021811511367559433
    ],
    [
      0.24273428320884705,
      0.18121987581253052,
      0.23616215586662292,
      0.13289692997932434,
      0.40397879481315613,
      0.2150001972913742,
      0.518775463104248,
      0.17273874580860138,
      0.5183373093605042,
      0.22506922483444214,
      0.8942542672157288,
      0.5117506384849548,
      0.4709934890270233,
      0.20728802680969238,
      0.07150587439537048,
      0.019611781463027,
      0.06491173058748245,
      0.010937209241092205
    ],
    [
      0.13254237174987793,
      0.1287301927804947,
      0.14457640051841736,
      0.14359284937381744,
      0.14289124310016632,
      0.2020314633846283,
      0.13827481865882874,
      0.20951059460639954,
      0.16063573956489563,
      0.23727251589298248,
      0.3655945658683777,
      0.4068487584590912,
      0.17413675785064697,
      0.16671162843704224,
      0.027453212067484856,
      0.021811511367559433,
      0.010937209241092205,
      0.00804698746651411
    ]
  ],
  "drr": 9.373632431030273,
  "dynamics": 3.55631422996521,
  "format": 1245190,
  "frames": 11919360,
  "loudness": -19.25263214111328,
  "loudness_range": 8.886343002319336,
  "loudness_range_short": 13.273160934448242,
  "peak": -2.691654682159424,
  "rms": -20.939414978027344,
  "sample_rate": 44100,
  "sections": 1,
  "seekable": 1,
  "sharpness": 3.6335160732269287,
  "space": -2.821988344192505
}