{
  "bands": [
    {
      "high_freq": 148.1999969482422,
      "loudness": -23.60468101501465,
      "loudness_range": 22.742387771606445,
      "mid_mean": -20.473369598388672,
      "mid_to_side_loudness": -19.06022071838379,
      "mid_to_side_loudness_range": 34.2261848449707,
      "side_mean": -43.33317184448242
    },
    {
      "high_freq": 392.3793640136719,
      "loudness": -21.785097122192383,
      "loudness_range": 14.422053337097168,
      "low_freq": 148.1999969482422,
      "mid_mean": -19.126056671142578,
      "mid_to_side_loudness": -8.805298805236816,
      "mid_to_side_loudness_range": 17.708009719848633,
      "side_mean": -28.074419021606445
    },
    {
      "high_freq": 794.6976318359375,
      "loudness": -21.84347152709961,
      "loudness_range": 11.43409538269043,
      "low_freq": 392.3793640136719,
      "mid_mean": -19.341459274291992,
      "mid_to_side_loudness": -7.010022163391113,
      "mid_to_side_loudness_range": 14.980777740478516,
      "side_mean": -26.53036117553711
    },
    {
      "high_freq": 1457.5709228515625,
      "loudness": -26.173828125,
      "loudness_range": 17.85824203491211,
      "low_freq": 794.6976318359375,
      "mid_mean": -24.30648422241211,
      "mid_to_side_loudness": -6.19519567489624,
      "mid_to_side_loudness_range": 19.471481323242188,
      "side_mean": -29.557085037231445
    },
    {
      "high_freq": 2549.74365234375,
      "loudness": -27.9469051361084,
      "loudness_range": 19.384281158447266,
      "low_freq": 1457.5709228515625,
      "mid_mean": -25.212730407714844,
      "mid_to_side_loudness": -9.730823516845703,
      "mid_to_side_loudness_range": 16.146757125854492,
      "side_mean": -35.060028076171875
    },
    {
      "high_freq": 4349.24462890625,
      "loudness": -27.801496505737305,
      "loudness_range": 16.534175872802734,
      "low_freq": 2549.74365234375,
      "mid_mean": -24.853557586669922,
      "mid_to_side_loudness": -10.389352798461914,
      "mid_to_side_loudness_range": 15.092087745666504,
      "side_mean": -35.03797149658203
    },
    {
      "high_freq": 7314.1640625,
      "loudness": -27.46424674987793,
      "loudness_range": 13.583099365234375,
      "low_freq": 4349.24462890625,
      "mid_mean": -24.638229370117188,
      "mid_to_side_loudness": -9.128870010375977,
      "mid_to_side_loudness_range": 13.878366470336914,
      "side_mean": -33.68824768066406
    },
    {
      "high_freq": 12199.2666015625,
      "loudness": -25.845352172851562,
      "loudness_range": 18.543468475341797,
      "low_freq": 7314.1640625,
      "mid_mean": -22.949068069458008,
      "mid_to_side_loudness": -9.52436637878418,
      "mid_to_side_loudness_range": 13.649848937988281,
      "side_mean": -32.1776237487793
    },
    {
      "loudness": -29.1082706451416,
      "loudness_range": 21.582483291625977,
      "low_freq": 12199.2666015625,
      "mid_mean": -26.415891647338867,
      "mid_to_side_loudness": -8.828325271606445,
      "mid_to_side_loudness_range": 14.307615280151367,
      "side_mean": -35.25246810913086
    }
  ],
  "bands_short": [
    {
      "high_freq": 148.1999969482422,
      "loudness": -26.11072540283203,
      "loudness_range": 29.52072525024414,
      "mid_mean": -23.870378494262695,
      "mid_to_side_loudness": -19.336795806884766,
      "mid_to_side_loudness_range": 39.36196517944336,
      "side_mean": -50.725059509277344
    },
    {
      "high_freq": 392.3793640136719,
      "loudness": -22.163917541503906,
      "loudness_range": 16.946117401123047,
      "low_freq": 148.1999969482422,
      "mid_mean": -19.5602970123291,
      "mid_to_side_loudness": -9.329840660095215,
      "mid_to_side_loudness_range": 19.371604919433594,
      "side_mean": -29.153629302978516
    },
    {
      "high_freq": 794.6976318359375,
      "loudness": -22.53189468383789,
      "loudness_range": 14.383040428161621,
      "low_freq": 392.3793640136719,
      "mid_mean": -20.285287857055664,
      "mid_to_side_loudness": -6.422210693359375,
      "mid_to_side_loudness_range": 17.388113021850586,
      "side_mean": -27.048791885375977
    },
    {
      "high_freq": 1457.5709228515625,
      "loudness": -26.644893646240234,
      "loudness_range": 19.56061363220215,
      "low_freq": 794.6976318359375,
      "mid_mean": -24.78831672668457,
      "mid_to_side_loudness": -6.680081844329834,
      "mid_to_side_loudness_range": 20.89737319946289,
      "side_mean": -30.842449188232422
    },
    {
      "high_freq": 2549.74365234375,
      "loudness": -29.809661865234375,
      "loudness_range": 23.571258544921875,
      "low_freq": 1457.5709228515625,
      "mid_mean": -27.238433837890625,
      "mid_to_side_loudness": -9.188451766967773,
      "mid_to_side_loudness_range": 17.69832420349121,
      "side_mean": -36.810306549072266
    },
    {
      "high_freq": 4349.24462890625,
      "loudness": -29.227636337280273,
      "loudness_range": 21.003421783447266,
      "low_freq": 2549.74365234375,
      "mid_mean": -26.477460861206055,
      "mid_to_side_loudness": -9.79323673248291,
      "mid_to_side_loudness_range": 17.07876968383789,
      "side_mean": -36.390098571777344
    },
    {
      "high_freq": 7314.1640625,
      "loudness": -29.6155948638916,
      "loudness_range": 20.791492462158203,
      "low_freq": 4349.24462890625,
      "mid_mean": -26.938791275024414,
      "mid_to_side_loudness": -9.137243270874023,
      "mid_to_side_loudness_range": 17.087656021118164,
      "side_mean": -36.70281219482422
    },
    {
      "high_freq": 12199.2666015625,
      "loudness": -29.920276641845703,
      "loudness_range": 27.239761352539062,
      "low_freq": 7314.1640625,
      "mid_mean": -27.453096389770508,
      "mid_to_side_loudness": -9.432917594909668,
      "mid_to_side_loudness_range": 16.851892471313477,
      "side_mean": -36.79956817626953
    },
    {
      "loudness": -36.04715347290039,
      "loudness_range": 32.38847732543945,
      "low_freq": 12199.2666015625,
      "mid_mean": -33.71755599975586,
      "mid_to_side_loudness": -9.021007537841797,
      "mid_to_side_loudness_range": 17.636207580566406,
      "side_mean": -43.61865234375
    }
  ],
  "channels": 2,
  "covariance": [
    [
      83.88976287841797,
      21.052433013916016,
      10.407014846801758,
      13.766392707824707,
      4.490993022918701,
      4.497263431549072,
      11.24097728729248,
      8.59620475769043,
      12.149249076843262,
      8.563337326049805,
      13.087488174438477,
      9.417905807495117,
      6.649390697479248,
      10.121051788330078,
      10.453133583068848,
      17.17466163635254,
      17.229793548583984,
      27.87586212158203
    ],
    [
      21.052433013916016,
      117.36511993408203,
      8.264739990234375,
      20.40912437438965,
      12.15346908569336,
      6.953054904937744,
      18.794504165649414,
      25.310386657714844,
      35.097938537597656,
      34.85323715209961,
      21.559377670288086,
      28.272262573242188,
      14.016532897949219,
      20.64950942993164,
      4.272793292999268,
      14.972841262817383,
      4.831114292144775,
      13.448712348937988
    ],
    [
      10.407014846801758,
      8.264739990234375,
      30.561355590820312,
      24.442636489868164,
      11.563690185546875,
      16.396581649780273,
      18.438735961914062,
      13.315326690673828,
      13.556853294372559,
      11.206694602966309,
      16.33416175842285,
      11.515036582946777,
      5.916275978088379,
      4.9275641441345215,
      3.5809438228607178,
      2.0188729763031006,
      5.685335636138916,
      6.382590293884277
    ],
    [
      13.766392707824707,
      20.40912437438965,
      24.442636489868164,
      53.35569763183594,
      12.802234649658203,
      27.450454711914062,
      25.248249053955078,
      26.649730682373047,
      14.01944351196289,
      16.492542266845703,
      17.79010009765625,
      21.22319221496582,
      9.132547378540039,
      14.122807502746582,
      8.962685585021973,
      10.983477592468262,
      11.9633150100708,
      15.230921745300293
    ],
    [
      4.490993022918701,
      12.15346908569336,
      11.563690185546875,
      12.802234649658203,
      24.56374168395996,
      16.386627197265625,
      18.80570411682129,
      15.318978309631348,
      17.7181453704834,
      15.324203491210938,
      13.530389785766602,
      11.762451171875,
      6.897367000579834,
      10.930197715759277,
      5.570470333099365,
      5.46129035949707,
      6.197234153747559,
      5.823894500732422
    ],
    [
      4.497263431549072,
      6.953054904937744,
      16.396581649780273,
      27.450454711914062,
      16.386627197265625,
      39.26754379272461,
      20.871015548706055,
      25.478744506835938,
      12.857257843017578,
      18.405155181884766,
      13.740190505981445,
      20.905118942260742,
      8.230685234069824,
      16.72325325012207,
      8.189347267150879,
      7.963083267211914,
      7.79078483581543,
      6.914020538330078
    ],
    [
      11.24097728729248,
      18.794504165649414,
      18.438735961914062,
      25.248249053955078,
      18.80570411682129,
      20.871015548706055,
      43.52180862426758,
      30.475534439086914,
      29.178184509277344,
      27.5288143157959,
      24.71411895751953,
      24.908645629882812,
      13.602331161499023,
      21.533233642578125,
      8.736780166625977,
      12.164612770080566,
      9.132793426513672,
      12.184274673461914
    ],
    [
      8.59620475769043,
      25.310386657714844,
      13.315326690673828,
      26.649730682373047,
      15.318978309631348,
      25.478744506835938,
      30.475534439086914,
      63.75422286987305,
      24.230195999145508,
      39.70964813232422,
      15.525751113891602,
      29.018310546875,
      9.498003959655762,
      19.774494171142578,
      6.550816535949707,
      10.604534149169922,
      7.432184219360352,
      10.918608665466309
    ],
    [
      12.149249076843262,
      35.097938537597656,
      13.556853294372559,
      14.01944351196289,
      17.7181453704834,
      12.857257843017578,
      29.178184509277344,
      24.230195999145508,
      59.27379608154297,
      41.19076919555664,
      39.14042663574219,
      33.91421127319336,
      17.916399002075195,
      24.52610969543457,
      3.6073906421661377,
      8.44459342956543,
      0.08758200705051422,
      5.9100871086120605
    ],
    [
      8.563337326049805,
      34.85323715209961,
      11.206694602966309,
      16.492542266845703,
      15.324203491210938,
      18.405155181884766,
      27.5288143157959,
      39.70964813232422,
      41.19076919555664,
      57.599063873291016,
      24.9984130859375,
      40.811431884765625,
      16.335309982299805,
      28.205371856689453,
      8.79546070098877,
      14.131662368774414,
      4.86184549331665,
      9.010947227478027
    ],
    [
      13.087488174438477,
      21.559377670288086,
      16.33416175842285,
      17.79010009765625,
      13.530389785766602,
      13.740190505981445,
      24.71411895751953,
      15.525751113891602,
      39.14042663574219,
      24.9984130859375,
      45.10689163208008,
      31.82147979736328,
      20.482345581054688,
      22.657323837280273,
      8.375502586364746,
      8.313251495361328,
      4.996992111206055,
      6.127739429473877
    ],
    [
      9.417905807495117,
      28.272262573242188,
      11.515036582946777,
      21.22319221496582,
      11.762451171875,
      20.905118942260742,
      24.908645629882812,
      29.018310546875,
      33.91421127319336,
      40.811431884765625,
      31.82147979736328,
      48.51443862915039,
      18.897323608398438,
      33.789676666259766,
      9.838251113891602,
      15.094415664672852,
      5.079766750335693,
      8.595812797546387
    ],
    [
      6.649390697479248,
      14.016532897949219,
      5.916275978088379,
      9.132547378540039,
      6.897367000579834,
      8.230685234069824,
      13.602331161499023,
      9.498003959655762,
      17.916399002075195,
      16.335309982299805,
      20.482345581054688,
      18.897323608398438,
      31.043670654296875,
      26.790849685668945,
      25.762645721435547,
      21.185483932495117,
      20.054317474365234,
      17.675256729125977
    ],
    [
      10.121051788330078,
      20.64950942993164,
      4.9275641441345215,
      14.122807502746582,
      10.930197715759277,
      16.72325325012207,
      21.533233642578125,
      19.774494171142578,
      24.52610969543457,
      28.205371856689453,
      22.657323837280273,
      33.789676666259766,
      26.790849685668945,
      51.030696868896484,
      24.897199630737305,
      32.018280029296875,
      18.988903045654297,
      23.601770401000977
    ],
    [
      10.453133583068848,
      4.272793292999268,
      3.5809438228607178,
      8.962685585021973,
      5.570470333099365,
      8.189347267150879,
      8.736780166625977,
      6.550816535949707,
      3.6073906421661377,
      8.79546070098877,
      8.375502586364746,
      9.838251113891602,
      25.762645721435547,
      24.897199630737305,
      50.59404754638672,
      38.924659729003906,
      46.29591369628906,
      38.92275619506836
    ],
    [
      17.17466163635254,
      14.972841262817383,
      2.0188729763031006,
      10.983477592468262,
      5.46129035949707,
      7.963083267211914,
      12.164612770080566,
      10.604534149169922,
      8.44459342956543,
      14.131662368774414,
      8.313251495361328,
      15.094415664672852,
      21.185483932495117,
      32.018280029296875,
      38.924659729003906,
      49.462894439697266,
      41.560665130615234,
      47.70725631713867
    ],
    [
      17.229793548583984,
      4.831114292144775,
      5.685335636138916,
      11.9633150100708,
      6.197234153747559,
      7.79078483581543,
      9.132793426513672,
      7.432184219360352,
      0.08758200705051422,
      4.86184549331665,
      4.996992111206055,
      5.079766750335693,
      20.054317474365234,
      18.988903045654297,
      46.29591369628906,
      41.560665130615234,
      66.68047332763672,
      57.224700927734375
    ],
    [
      27.87586212158203,
      13.448712348937988,
      6.382590293884277,
      15.230921745300293,
      5.823894500732422,
      6.914020538330078,
      12.184274673461914,
      10.918608665466309,
      5.9100871086120605,
      9.010947227478027,
      6.127739429473877,
      8.595812797546387,
      17.675256729125977,
      23.601770401000977,
      38.92275619506836,
      47.70725631713867,
      57.224700927734375,
      72.16913604736328
    ]
  ],
  "covariance_short": [
    [
      137.4664306640625,
      34.096614837646484,
      11.31177043914795,
      14.680103302001953,
      2.317976951599121,
      2.0018985271453857,
      6.0673370361328125,
      5.905030250549316,
      2.423076868057251,
      3.2338461875915527,
      6.598045349121094,
      5.671502113342285,
      8.191155433654785,
      10.1156644821167,
      13.41963005065918,
      20.848913192749023,
      17.107715606689453,
      28.379261016845703
    ],
    [
      34.096614837646484,
      158.19593811035156,
      23.667556762695312,
      38.23924255371094,
      20.36193084716797,
      12.292179107666016,
      26.477886199951172,
      32.69219970703125,
      35.702476501464844,
      39.677711486816406,
      23.654733657836914,
      27.280521392822266,
      16.023624420166016,
      23.018001556396484,
      14.3280611038208,
      24.13214111328125,
      17.537500381469727,
      31.2121639251709
    ],
    [
      11.31177043914795,
      23.667556762695312,
      43.11957931518555,
      28.565793991088867,
      14.212233543395996,
      17.38622283935547,
      20.823698043823242,
      18.893211364746094,
      16.50119400024414,
      15.904370307922363,
      17.863222122192383,
      14.40858268737793,
      9.50672721862793,
      11.81805419921875,
      8.663999557495117,
      5.661300182342529,
      8.001940727233887,
      10.395894050598145
    ],
    [
      14.680103302001953,
      38.23924255371094,
      28.565793991088867,
      62.152748107910156,
      13.957484245300293,
      28.728755950927734,
      24.61569595336914,
      31.003215789794922,
      15.482682228088379,
      19.97408103942871,
      18.265138626098633,
      25.580406188964844,
      10.337403297424316,
      21.381315231323242,
      10.745985984802246,
      14.932696342468262,
      9.402322769165039,
      19.346355438232422
    ],
    [
      2.317976951599121,
      20.36193084716797,
      14.212233543395996,
      13.957484245300293,
      33.04366683959961,
      19.253498077392578,
      22.84280776977539,
      19.994083404541016,
      22.348169326782227,
      18.59154510498047,
      18.492048263549805,
      14.718644142150879,
      11.248772621154785,
      14.629341125488281,
      7.9368510246276855,
      8.955949783325195,
      7.242749214172363,
      7.931534767150879
    ],
    [
      2.0018985271453857,
      12.292179107666016,
      17.38622283935547,
      28.728755950927734,
      19.253498077392578,
      48.182498931884766,
      22.596250534057617,
      29.599693298339844,
      14.424140930175781,
      22.865192413330078,
      15.418852806091309,
      26.50902557373047,
      11.025525093078613,
      26.76398277282715,
      14.20022201538086,
      16.009876251220703,
      10.451752662658691,
      15.773296356201172
    ],
    [
      6.0673370361328125,
      26.477886199951172,
      20.823698043823242,
      24.61569595336914,
      22.84280776977539,
      22.596250534057617,
      53.075523376464844,
      35.922401428222656,
      33.35538864135742,
      30.90622329711914,
      28.901931762695312,
      27.54149627685547,
      20.890174865722656,
      28.851818084716797,
      20.34729766845703,
      20.851943969726562,
      19.837804794311523,
      23.38098907470703
    ],
    [
      5.905030250549316,
      32.69219970703125,
      18.893211364746094,
      31.003215789794922,
      19.994083404541016,
      29.599693298339844,
      35.922401428222656,
      71.36028289794922,
      25.78255844116211,
      45.43031692504883,
      18.99297523498535,
      32.990230560302734,
      15.126611709594727,
      30.810930252075195,
      14.731033325195312,
      18.838916778564453,
      11.395092010498047,
      18.90329933166504
    ],
    [
      2.423076868057251,
      35.702476501464844,
      16.50119400024414,
      15.482682228088379,
      22.348169326782227,
      14.424140930175781,
      33.35538864135742,
      25.78255844116211,
      72.08718872070312,
      46.86128234863281,
      47.945919036865234,
      37.72053527832031,
      30.91351890563965,
      35.1575927734375,
      21.412948608398438,
      21.492584228515625,
      19.056602478027344,
      20.29309844970703
    ],
    [
      3.2338461875915527,
      39.677711486816406,
      15.904370307922363,
      19.97408103942871,
      18.59154510498047,
      22.865192413330078,
      30.90622329711914,
      45.43031692504883,
      46.86128234863281,
      69.69158172607422,
      31.289682388305664,
      48.698246002197266,
      27.94063949584961,
      47.65589141845703,
      28.79330062866211,
      33.053497314453125,
      24.88458251953125,
      31.48825454711914
    ],
    [
      6.598045349121094,
      23.654733657836914,
      17.863222122192383,
      18.265138626098633,
      18.492048263549805,
      15.418852806091309,
      28.901931762695312,
      18.99297523498535,
      47.945919036865234,
      31.289682388305664,
      58.895668029785156,
      38.62787628173828,
      36.434669494628906,
      35.5343017578125,
      27.28729820251465,
      22.418453216552734,
      22.90496826171875,
      22.099103927612305
    ],
    [
      5.671502113342285,
      27.280521392822266,
      14.40858268737793,
      25.580406188964844,
      14.718644142150879,
      26.50902557373047,
      27.54149627685547,
      32.990230560302734,
      37.72053527832031,
      48.698246002197266,
      38.62787628173828,
      62.10139465332031,
      31.5960750579834,
      55.86140441894531,
      30.975017547607422,
      36.07609939575195,
      25.489604949951172,
      33.72957992553711
    ],
    [
      8.191155433654785,
      16.023624420166016,
      9.50672721862793,
      10.337403297424316,
      11.248772621154785,
      11.025525093078613,
      20.890174865722656,
      15.126611709594727,
      30.91351890563965,
      27.94063949584961,
      36.434669494628906,
      31.5960750579834,
      56.23331069946289,
      50.527095794677734,
      57.23000717163086,
      48.184730529785156,
      55.20979690551758,
      50.917476654052734
    ],
    [
      10.1156644821167,
      23.018001556396484,
      11.81805419921875,
      21.381315231323242,
      14.629341125488281,
      26.76398277282715,
      28.851818084716797,
      30.810930252075195,
      35.1575927734375,
      47.65589141845703,
      35.5343017578125,
      55.86140441894531,
      50.527095794677734,
      89.17634582519531,
      61.78053665161133,
      69.49547576904297,
      59.902381896972656,
      70.03850555419922
    ],
    [
      13.41963005065918,
      14.3280611038208,
      8.663999557495117,
      10.745985984802246,
      7.9368510246276855,
      14.20022201538086,
      20.34729766845703,
      14.731033325195312,
      21.412948608398438,
      28.79330062866211,
      27.28729820251465,
      30.975017547607422,
      57.23000717163086,
      61.78053665161133,
      105.9476089477539,
      85.11947631835938,
      103.24164581298828,
      93.92716979980469
    ],
    [
      20.848913192749023,
      24.13214111328125,
      5.661300182342529,
      14.932696342468262,
      8.955949783325195,
      16.009876251220703,
      20.851943969726562,
      18.838916778564453,
      21.492584228515625,
      33.053497314453125,
      22.418453216552734,
      36.07609939575195,
      48.184730529785156,
      69.49547576904297,
      85.11947631835938,
      101.93821716308594,
      93.45304107666016,
      107.88973236083984
    ],
    [
      17.107715606689453,
      17.537500381469727,
      8.001940727233887,
      9.402322769165039,
      7.242749214172363,
      10.451752662658691,
      19.837804794311523,
      11.395092010498047,
      19.056602478027344,
      24.88458251953125,
      22.90496826171875,
      25.489604949951172,
      55.20979690551758,
      59.902381896972656,
      103.24164581298828,
      93.45304107666016,
      135.1674041748047,
      120.44267272949219
    ],
    [
      28.379261016845703,
      31.2121639251709,
      10.395894050598145,
      19.346355438232422,
      7.931534767150879,
      15.773296356201172,
      23.38098907470703,
      18.90329933166504,
      20.29309844970703,
      31.48825454711914,
      22.099103927612305,
      33.72957992553711,
      50.917476654052734,
      70.03850555419922,
      93.92716979980469,
      107.88973236083984,
      120.44267272949219,
      146.63375854492188
    ]
  ],
  "drr": 9.39533805847168,
  "dynamics": 3.4280529022216797,
  "format": 1245190,
  "frames": 11055104,
  "loudness": -10.355000495910645,
  "loudness_range": 10.512720108032227,
  "loudness_range_short": 13.325174331665039,
  "peak": 1.2006802558898926,
  "rms": -12.445512771606445,
  "sample_rate": 44100,
  "sections": 1,
  "seekable": 1,
  "sharpness": 2.644636631011963,
  "space": -8.750036239624023
}