{
  "bands": [
    {
      "high_freq": 148.1999969482422,
      "loudness": -31.880718231201172,
      "loudness_range": 19.466672897338867,
      "mid_mean": -28.583946228027344,
      "mid_to_side_loudness": -21.00692367553711,
      "mid_to_side_loudness_range": 24.16593360900879,
      "side_mean": -52.57904815673828
    },
    {
      "high_freq": 392.3793640136719,
      "loudness": -34.014556884765625,
      "loudness_range": 20.296892166137695,
      "low_freq": 148.1999969482422,
      "mid_mean": -30.921977996826172,
      "mid_to_side_loudness": -10.532805442810059,
      "mid_to_side_loudness_range": 14.083559036254883,
      "side_mean": -41.62427520751953
    },
    {
      "high_freq": 794.6976318359375,
      "loudness": -31.57246971130371,
      "loudness_range": 23.194692611694336,
      "low_freq": 392.3793640136719,
      "mid_mean": -29.39692497253418,
      "mid_to_side_loudness": -4.920514106750488,
      "mid_to_side_loudness_range": 9.415717124938965,
      "side_mean": -33.86814880371094
    },
    {
      "high_freq": 1457.5709228515625,
      "loudness": -39.988468170166016,
      "loudness_range": 26.461496353149414,
      "low_freq": 794.6976318359375,
      "mid_mean": -38.79324722290039,
      "mid_to_side_loudness": -2.070333480834961,
      "mid_to_side_loudness_range": 10.125688552856445,
      "side_mean": -40.6163215637207
    },
    {
      "high_freq": 2549.74365234375,
      "loudness": -44.70146179199219,
      "loudness_range": 29.335824966430664,
      "low_freq": 1457.5709228515625,
      "mid_mean": -43.642513275146484,
      "mid_to_side_loudness": -2.1463606357574463,
      "mid_to_side_loudness_range": 8.679278373718262,
      "side_mean": -45.4609489440918
    },
    {
      "high_freq": 4349.24462890625,
      "loudness": -50.00248718261719,
      "loudness_range": 29.722789764404297,
      "low_freq": 2549.74365234375,
      "mid_mean": -50.30253601074219,
      "mid_to_side_loudness": -1.5560302734375,
      "mid_to_side_loudness_range": 8.838008880615234,
      "side_mean": -51.643367767333984
    },
    {
      "high_freq": 7314.1640625,
      "loudness": -56.955810546875,
      "loudness_range": 26.904705047607422,
      "low_freq": 4349.24462890625,
      "mid_mean": -56.71855163574219,
      "mid_to_side_loudness": -2.4372661113739014,
      "mid_to_side_loudness_range": 7.98370361328125,
      "side_mean": -58.69603729248047
    },
    {
      "high_freq": 12199.2666015625,
      "loudness": -63.24569320678711,
      "loudness_range": 24.254730224609375,
      "low_freq": 7314.1640625,
      "mid_mean": -61.76052474975586,
      "mid_to_side_loudness": -2.1158313751220703,
      "mid_to_side_loudness_range": 5.241053581237793,
      "side_mean": -63.247032165527344
    },
    {
      "loudness": -69.7175521850586,
      "loudness_range": 25.068675994873047,
      "low_freq": 12199.2666015625,
      "mid_mean": -64.85857391357422,
      "mid_to_side_loudness": -1.9862606525421143,
      "mid_to_side_loudness_range": 3.4891819953918457,
      "side_mean": -66.01671600341797
    }
  ],
  "bands_short": [
    {
      "high_freq": 148.1999969482422,
      "loudness": -35.55497360229492,
      "loudness_range": 24.96187400817871,
      "mid_mean": -32.329124450683594,
      "mid_to_side_loudness": -21.121028900146484,
      "mid_to_side_loudness_range": 28.32370376586914,
      "side_mean": -56.50652313232422
    },
    {
      "high_freq": 392.3793640136719,
      "loudness": -32.298458099365234,
      "loudness_range": 20.137033462524414,
      "low_freq": 148.1999969482422,
      "mid_mean": -29.10293960571289,
      "mid_to_side_loudness": -12.539227485656738,
      "mid_to_side_loudness_range": 17.930028915405273,
      "side_mean": -42.240142822265625
    },
    {
      "high_freq": 794.6976318359375,
      "loudness": -32.49990463256836,
      "loudness_range": 24.591724395751953,
      "low_freq": 392.3793640136719,
      "mid_mean": -30.369159698486328,
      "mid_to_side_loudness": -5.196430683135986,
      "mid_to_side_loudness_range": 11.682709693908691,
      "side_mean": -35.101905822753906
    },
    {
      "high_freq": 1457.5709228515625,
      "loudness": -39.87760925292969,
      "loudness_range": 27.3394832611084,
      "low_freq": 794.6976318359375,
      "mid_mean": -38.784873962402344,
      "mid_to_side_loudness": -2.321134567260742,
      "mid_to_side_loudness_range": 13.064178466796875,
      "side_mean": -40.88610076904297
    },
    {
      "high_freq": 2549.74365234375,
      "loudness": -46.00172805786133,
      "loudness_range": 30.198156356811523,
      "low_freq": 1457.5709228515625,
      "mid_mean": -45.41142654418945,
      "mid_to_side_loudness": -1.94749915599823,
      "mid_to_side_loudness_range": 10.513511657714844,
      "side_mean": -47.2958869934082
    },
    {
      "high_freq": 4349.24462890625,
      "loudness": -51.36973190307617,
      "loudness_range": 30.68909454345703,
      "low_freq": 2549.74365234375,
      "mid_mean": -51.84925079345703,
      "mid_to_side_loudness": -1.4431359767913818,
      "mid_to_side_loudness_range": 10.401775360107422,
      "side_mean": -53.06081771850586
    },
    {
      "high_freq": 7314.1640625,
      "loudness": -59.22663116455078,
      "loudness_range": 28.611400604248047,
      "low_freq": 4349.24462890625,
      "mid_mean": -58.777915954589844,
      "mid_to_side_loudness": -2.0424880981445312,
      "mid_to_side_loudness_range": 7.8401665687561035,
      "side_mean": -60.33687210083008
    },
    {
      "high_freq": 12199.2666015625,
      "loudness": -65.96533966064453,
      "loudness_range": 26.928485870361328,
      "low_freq": 7314.1640625,
      "mid_mean": -63.335296630859375,
      "mid_to_side_loudness": -1.9594895839691162,
      "mid_to_side_loudness_range": 4.929961204528809,
      "side_mean": -64.56336212158203
    },
    {
      "loudness": -72.76115417480469,
      "loudness_range": 23.220157623291016,
      "low_freq": 12199.2666015625,
      "mid_mean": -66.46049499511719,
      "mid_to_side_loudness": -1.864869236946106,
      "mid_to_side_loudness_range": 3.440932512283325,
      "side_mean": -67.27989959716797
    }
  ],
  "channels": 2,
  "covariance": [
    [
      62.18569564819336,
      22.53484344482422,
      14.529182434082031,
      5.758845329284668,
      6.867743015289307,
      6.149340629577637,
      6.3643598556518555,
      5.323916912078857,
      9.86131763458252,
      10.379936218261719,
      15.72398853302002,
      11.814729690551758,
      22.748538970947266,
      17.801414489746094,
      21.53248405456543,
      17.309410095214844,
      15.049906730651855,
      11.744739532470703
    ],
    [
      22.53484344482422,
      57.595008850097656,
      27.416851043701172,
      27.539533615112305,
      24.67445182800293,
      27.31011199951172,
      32.383907318115234,
      32.670867919921875,
      34.5479621887207,
      38.03001403808594,
      52.345645904541016,
      51.915252685546875,
      39.90409469604492,
      39.19527816772461,
      22.899778366088867,
      20.695323944091797,
      12.833159446716309,
      10.104312896728516
    ],
    [
      14.529182434082031,
      27.416851043701172,
      52.194122314453125,
      42.696067810058594,
      22.137950897216797,
      21.76666831970215,
      31.13397979736328,
      28.054189682006836,
      34.84157180786133,
      34.6636848449707,
      35.666893005371094,
      36.151485443115234,
      28.46378517150879,
      29.4637451171875,
      15.801427841186523,
      14.700448989868164,
      8.553754806518555,
      6.997114181518555
    ],
    [
      5.758845329284668,
      27.539533615112305,
      42.696067810058594,
      63.742332458496094,
      31.649967193603516,
      31.532760620117188,
      36.78067398071289,
      39.24372863769531,
      46.193843841552734,
      48.866371154785156,
      44.21208953857422,
      49.47159194946289,
      28.534019470214844,
      32.95716857910156,
      13.528986930847168,
      13.958588600158691,
      6.21009635925293,
      5.337560176849365
    ],
    [
      6.867743015289307,
      24.67445182800293,
      22.137950897216797,
      31.649967193603516,
      62.40626907348633,
      61.76183319091797,
      33.50650405883789,
      36.08466339111328,
      57.09130859375,
      56.22980499267578,
      56.05252456665039,
      58.99726486206055,
      33.933841705322266,
      37.84804916381836,
      15.776719093322754,
      16.66060447692871,
      6.923624515533447,
      5.719871520996094
    ],
    [
      6.149340629577637,
      27.31011199951172,
      21.76666831970215,
      31.532760620117188,
      61.76183319091797,
      78.4280014038086,
      33.909236907958984,
      40.01076126098633,
      62.01757049560547,
      61.7612190246582,
      60.78794860839844,
      64.23416137695312,
      37.64130401611328,
      41.723026275634766,
      17.46689796447754,
      18.480226516723633,
      7.638296604156494,
      6.372801780700684
    ],
    [
      6.3643598556518555,
      32.383907318115234,
      31.13397979736328,
      36.78067398071289,
      33.50650405883789,
      33.909236907958984,
      82.9522933959961,
      75.4721908569336,
      65.9365005493164,
      71.1326904296875,
      65.51923370361328,
      71.3115005493164,
      46.643150329589844,
      51.287044525146484,
      24.311538696289062,
      24.25220489501953,
      12.008835792541504,
      9.73929500579834
    ],
    [
      5.323916912078857,
      32.670867919921875,
      28.054189682006836,
      39.24372863769531,
      36.08466339111328,
      40.01076126098633,
      75.4721908569336,
      87.33563232421875,
      70.00762939453125,
      78.79553985595703,
      71.7322998046875,
      76.74671936035156,
      46.80048751831055,
      52.17998123168945,
      24.018638610839844,
      24.51495933532715,
      11.661300659179688,
      9.605155944824219
    ],
    [
      9.86131763458252,
      34.5479621887207,
      34.84157180786133,
      46.193843841552734,
      57.09130859375,
      62.01757049560547,
      65.9365005493164,
      70.00762939453125,
      98.92144775390625,
      97.78892517089844,
      89.16138458251953,
      94.86173248291016,
      58.84405517578125,
      65.17617797851562,
      28.825305938720703,
      29.945837020874023,
      13.55516529083252,
      11.278674125671387
    ],
    [
      10.379936218261719,
      38.03001403808594,
      34.6636848449707,
      48.866371154785156,
      56.22980499267578,
      61.7612190246582,
      71.1326904296875,
      78.79553985595703,
      97.78892517089844,
      111.6954574584961,
      93.59004974365234,
      100.32521057128906,
      59.53641891479492,
      66.70764923095703,
      28.571666717529297,
      29.79530906677246,
      13.049554824829102,
      10.891948699951172
    ],
    [
      15.72398853302002,
      52.345645904541016,
      35.666893005371094,
      44.21208953857422,
      56.05252456665039,
      60.78794860839844,
      65.51923370361328,
      71.7322998046875,
      89.16138458251953,
      93.59004974365234,
      114.89959716796875,
      114.10569763183594,
      79.01655578613281,
      81.89530181884766,
      44.37484359741211,
      42.85544204711914,
      23.431665420532227,
      19.081533432006836
    ],
    [
      11.814729690551758,
      51.915252685546875,
      36.151485443115234,
      49.47159194946289,
      58.99726486206055,
      64.23416137695312,
      71.3115005493164,
      76.74671936035156,
      94.86173248291016,
      100.32521057128906,
      114.10569763183594,
      120.52385711669922,
      77.4277572631836,
      82.31645202636719,
      40.98985290527344,
      40.66852951049805,
      20.430049896240234,
      16.765949249267578
    ],
    [
      22.748538970947266,
      39.90409469604492,
      28.46378517150879,
      28.534019470214844,
      33.933841705322266,
      37.64130401611328,
      46.643150329589844,
      46.80048751831055,
      58.84405517578125,
      59.53641891479492,
      79.01655578613281,
      77.4277572631836,
      79.98390197753906,
      75.20133209228516,
      53.458438873291016,
      48.710487365722656,
      31.243968963623047,
      25.29291343688965
    ],
    [
      17.801414489746094,
      39.19527816772461,
      29.4637451171875,
      32.95716857910156,
      37.84804916381836,
      41.723026275634766,
      51.287044525146484,
      52.17998123168945,
      65.17617797851562,
      66.70764923095703,
      81.89530181884766,
      82.31645202636719,
      75.20133209228516,
      76.16353607177734,
      46.65685272216797,
      44.49527359008789,
      25.172191619873047,
      20.542871475219727
    ],
    [
      21.53248405456543,
      22.899778366088867,
      15.801427841186523,
      13.528986930847168,
      15.776719093322754,
      17.46689796447754,
      24.311538696289062,
      24.018638610839844,
      28.825305938720703,
      28.571666717529297,
      44.37484359741211,
      40.98985290527344,
      53.458438873291016,
      46.65685272216797,
      46.28494644165039,
      40.10738754272461,
      31.128402709960938,
      25.273544311523438
    ],
    [
      17.309410095214844,
      20.695323944091797,
      14.700448989868164,
      13.958588600158691,
      16.66060447692871,
      18.480226516723633,
      24.25220489501953,
      24.51495933532715,
      29.945837020874023,
      29.79530906677246,
      42.85544204711914,
      40.66852951049805,
      48.710487365722656,
      44.49527359008789,
      40.10738754272461,
      36.536415100097656,
      25.540842056274414,
      21.011707305908203
    ],
    [
      15.049906730651855,
      12.833159446716309,
      8.553754806518555,
      6.21009635925293,
      6.923624515533447,
      7.638296604156494,
      12.008835792541504,
      11.661300659179688,
      13.55516529083252,
      13.049554824829102,
      23.431665420532227,
      20.430049896240234,
      31.243968963623047,
      25.172191619873047,
      31.128402709960938,
      25.540842056274414,
      29.134185791015625,
      23.7847957611084
    ],
    [
      11.744739532470703,
      10.104312896728516,
      6.997114181518555,
      5.337560176849365,
      5.719871520996094,
      6.372801780700684,
      9.73929500579834,
      9.605155944824219,
      11.278674125671387,
      10.891948699951172,
      19.081533432006836,
      16.765949249267578,
      25.29291343688965,
      20.542871475219727,
      25.273544311523438,
      21.011707305908203,
      23.7847957611084,
      19.765892028808594
    ]
  ],
  "covariance_short": [
    [
      84.06849670410156,
      28.363569259643555,
      24.146770477294922,
      8.042654991149902,
      8.346864700317383,
      7.43275785446167,
      6.094102382659912,
      4.465663909912109,
      9.836213111877441,
      8.485806465148926,
      15.202685356140137,
      11.863035202026367,
      20.41992950439453,
      15.847407341003418,
      19.5026912689209,
      15.644360542297363,
      11.419337272644043,
      8.94657039642334
    ],
    [
      28.363569259643555,
      57.607635498046875,
      28.227046966552734,
      26.413454055786133,
      23.43749237060547,
      25.672245025634766,
      26.596181869506836,
      27.907730102539062,
      32.513267517089844,
      35.242069244384766,
      45.28229522705078,
      44.67262649536133,
      33.53633499145508,
      31.852264404296875,
      19.017900466918945,
      16.581811904907227,
      9.047857284545898,
      7.10851526260376
    ],
    [
      24.146770477294922,
      28.227046966552734,
      53.38840103149414,
      32.636085510253906,
      24.410581588745117,
      24.520923614501953,
      25.812650680541992,
      23.347270965576172,
      33.098548889160156,
      31.291698455810547,
      31.28282928466797,
      31.4051570892334,
      26.099525451660156,
      25.002132415771484,
      14.897107124328613,
      13.197373390197754,
      7.128573894500732,
      5.634401321411133
    ],
    [
      8.042654991149902,
      26.413454055786133,
      32.636085510253906,
      57.95746994018555,
      33.25164031982422,
      35.084197998046875,
      35.01655960083008,
      36.703426361083984,
      46.93447494506836,
      49.79698181152344,
      41.89794158935547,
      46.88389587402344,
      28.204065322875977,
      30.314729690551758,
      12.562119483947754,
      12.144479751586914,
      4.802890300750732,
      3.947235345840454
    ],
    [
      8.346864700317383,
      23.43749237060547,
      24.410581588745117,
      33.25164031982422,
      70.2987060546875,
      67.43810272216797,
      37.61289596557617,
      38.152809143066406,
      61.340030670166016,
      63.43510818481445,
      59.13085174560547,
      62.09011459350586,
      33.24067687988281,
      36.083438873291016,
      13.588680267333984,
      13.910860061645508,
      4.055251121520996,
      3.333390235900879
    ],
    [
      7.43275785446167,
      25.672245025634766,
      24.520923614501953,
      35.084197998046875,
      67.43810272216797,
      88.06822204589844,
      36.71712875366211,
      40.364662170410156,
      65.8591079711914,
      68.80296325683594,
      62.78084182739258,
      67.31957244873047,
      36.881927490234375,
      39.89152908325195,
      14.999556541442871,
      15.406314849853516,
      4.537957191467285,
      3.7534372806549072
    ],
    [
      6.094102382659912,
      26.596181869506836,
      25.812650680541992,
      35.01655960083008,
      37.61289596557617,
      36.71712875366211,
      88.75054931640625,
      78.02011108398438,
      71.25399017333984,
      75.3584213256836,
      66.59119415283203,
      70.96932983398438,
      44.88543701171875,
      47.46553039550781,
      20.95886993408203,
      20.614866256713867,
      7.223516941070557,
      5.9235148429870605
    ],
    [
      4.465663909912109,
      27.907730102539062,
      23.347270965576172,
      36.703426361083984,
      38.152809143066406,
      40.364662170410156,
      78.02011108398438,
      93.28522491455078,
      74.40376281738281,
      80.4599609375,
      72.22550201416016,
      75.939208984375,
      45.28361511230469,
      48.51506423950195,
      21.088764190673828,
      21.1196346282959,
      7.294465065002441,
      6.040646553039551
    ],
    [
      9.836213111877441,
      32.513267517089844,
      33.098548889160156,
      46.93447494506836,
      61.340030670166016,
      65.8591079711914,
      71.25399017333984,
      74.40376281738281,
      109.29344940185547,
      106.21275329589844,
      93.11273193359375,
      98.61148834228516,
      59.9298210144043,
      63.22213363647461,
      26.978984832763672,
      27.073123931884766,
      9.601231575012207,
      8.005531311035156
    ],
    [
      8.485806465148926,
      35.242069244384766,
      31.291698455810547,
      49.79698181152344,
      63.43510818481445,
      68.80296325683594,
      75.3584213256836,
      80.4599609375,
      106.21275329589844,
      121.75616455078125,
      98.26131439208984,
      105.309326171875,
      60.866004943847656,
      65.48036193847656,
      26.89409637451172,
      27.178218841552734,
      8.771411895751953,
      7.312494277954102
    ],
    [
      15.202685356140137,
      45.28229522705078,
      31.28282928466797,
      41.89794158935547,
      59.13085174560547,
      62.78084182739258,
      66.59119415283203,
      72.22550201416016,
      93.11273193359375,
      98.26131439208984,
      115.98936462402344,
      112.77855682373047,
      77.28329467773438,
      77.38199615478516,
      41.00847244262695,
      38.58113479614258,
      17.887441635131836,
      14.586958885192871
    ],
    [
      11.863035202026367,
      44.67262649536133,
      31.4051570892334,
      46.88389587402344,
      62.09011459350586,
      67.31957244873047,
      70.96932983398438,
      75.939208984375,
      98.61148834228516,
      105.309326171875,
      112.77855682373047,
      119.91838073730469,
      75.51180267333984,
      77.39119720458984,
      37.36647415161133,
      36.08462142944336,
      14.813758850097656,
      12.172999382019043
    ],
    [
      20.41992950439453,
      33.53633499145508,
      26.099525451660156,
      28.204065322875977,
      33.24067687988281,
      36.881927490234375,
      44.88543701171875,
      45.28361511230469,
      59.9298210144043,
      60.866004943847656,
      77.28329467773438,
      75.51180267333984,
      78.05068969726562,
      71.61517333984375,
      49.74696731567383,
      44.64777374267578,
      25.287290573120117,
      20.57581901550293
    ],
    [
      15.847407341003418,
      31.852264404296875,
      25.002132415771484,
      30.314729690551758,
      36.083438873291016,
      39.89152908325195,
      47.46553039550781,
      48.51506423950195,
      63.22213363647461,
      65.48036193847656,
      77.38199615478516,
      77.39119720458984,
      71.61517333984375,
      70.91737365722656,
      42.92230224609375,
      40.079097747802734,
      19.92506980895996,
      16.41033935546875
    ],
    [
      19.5026912689209,
      19.017900466918945,
      14.897107124328613,
      12.562119483947754,
      13.588680267333984,
      14.999556541442871,
      20.95886993408203,
      21.088764190673828,
      26.978984832763672,
      26.89409637451172,
      41.00847244262695,
      37.36647415161133,
      49.74696731567383,
      42.92230224609375,
      43.40141677856445,
      37.32801055908203,
      24.993179321289062,
      20.287492752075195
    ],
    [
      15.644360542297363,
      16.581811904907227,
      13.197373390197754,
      12.144479751586914,
      13.910860061645508,
      15.406314849853516,
      20.614866256713867,
      21.1196346282959,
      27.073123931884766,
      27.178218841552734,
      38.58113479614258,
      36.08462142944336,
      44.64777374267578,
      40.079097747802734,
      37.32801055908203,
      33.85708236694336,
      20.86079216003418,
      17.202537536621094
    ],
    [
      11.419337272644043,
      9.047857284545898,
      7.128573894500732,
      4.802890300750732,
      4.055251121520996,
      4.537957191467285,
      7.223516941070557,
      7.294465065002441,
      9.601231575012207,
      8.771411895751953,
      17.887441635131836,
      14.813758850097656,
      25.287290573120117,
      19.92506980895996,
      24.993179321289062,
      20.86079216003418,
      23.528499603271484,
      19.48386573791504
    ],
    [
      8.94657039642334,
      7.10851526260376,
      5.634401321411133,
      3.947235345840454,
      3.333390235900879,
      3.7534372806549072,
      5.9235148429870605,
      6.040646553039551,
      8.005531311035156,
      7.312494277954102,
      14.586958885192871,
      12.172999382019043,
      20.57581901550293,
      16.41033935546875,
      20.287492752075195,
      17.202537536621094,
      19.48386573791504,
      16.575119018554688
    ]
  ],
  "drr": 8.092869758605957,
  "dynamics": 4.864386081695557,
  "format": 1245190,
  "frames": 12931072,
  "loudness": -20.776521682739258,
  "loudness_range": 15.517583847045898,
  "loudness_range_short": 17.647123336791992,
  "peak": -0.5806692242622375,
  "rms": -21.200544357299805,
  "sample_rate": 44100,
  "sections": 1,
  "seekable": 1,
  "sharpness": 3.4230096340179443,
  "space": -8.212493896484375
}