{
  "bands": [
    {
      "high_freq": 148.1999969482422,
      "loudness": -19.799497604370117,
      "loudness_range": 10.257123947143555,
      "mid_mean": -16.34967803955078,
      "mid_to_side_loudness": -13.134501457214355,
      "mid_to_side_loudness_range": 9.056471824645996,
      "side_mean": -29.7779483795166
    },
    {
      "high_freq": 392.3793640136719,
      "loudness": -19.030916213989258,
      "loudness_range": 8.055195808410645,
      "low_freq": 148.1999969482422,
      "mid_mean": -16.43364906311035,
      "mid_to_side_loudness": -6.3103156089782715,
      "mid_to_side_loudness_range": 10.5916166305542,
      "side_mean": -22.957462310791016
    },
    {
      "high_freq": 794.6976318359375,
      "loudness": -22.344406127929688,
      "loudness_range": 9.813558578491211,
      "low_freq": 392.3793640136719,
      "mid_mean": -21.31200408935547,
      "mid_to_side_loudness": -1.6042646169662476,
      "mid_to_side_loudness_range": 10.842087745666504,
      "side_mean": -22.78689193725586
    },
    {
      "high_freq": 1457.5709228515625,
      "loudness": -24.951763153076172,
      "loudness_range": 9.846845626831055,
      "low_freq": 794.6976318359375,
      "mid_mean": -23.610319137573242,
      "mid_to_side_loudness": -2.184518337249756,
      "mid_to_side_loudness_range": 8.973758697509766,
      "side_mean": -25.73652458190918
    },
    {
      "high_freq": 2549.74365234375,
      "loudness": -26.334814071655273,
      "loudness_range": 12.997711181640625,
      "low_freq": 1457.5709228515625,
      "mid_mean": -24.75691032409668,
      "mid_to_side_loudness": -2.4388418197631836,
      "mid_to_side_loudness_range": 7.29551887512207,
      "side_mean": -27.195117950439453
    },
    {
      "high_freq": 4349.24462890625,
      "loudness": -28.708518981933594,
      "loudness_range": 14.027156829833984,
      "low_freq": 2549.74365234375,
      "mid_mean": -27.13022232055664,
      "mid_to_side_loudness": -2.167198657989502,
      "mid_to_side_loudness_range": 5.080543518066406,
      "side_mean": -29.40850067138672
    },
    {
      "high_freq": 7314.1640625,
      "loudness": -32.45006561279297,
      "loudness_range": 15.780269622802734,
      "low_freq": 4349.24462890625,
      "mid_mean": -30.657236099243164,
      "mid_to_side_loudness": -2.874053716659546,
      "mid_to_side_loudness_range": 5.478392601013184,
      "side_mean": -33.567527770996094
    },
    {
      "high_freq": 12199.2666015625,
      "loudness": -35.15684127807617,
      "loudness_range": 13.476949691772461,
      "low_freq": 7314.1640625,
      "mid_mean": -33.67546844482422,
      "mid_to_side_loudness": -2.0896599292755127,
      "mid_to_side_loudness_range": 5.012526988983154,
      "side_mean": -35.73115539550781
    },
    {
      "loudness": -39.194339752197266,
      "loudness_range": 12.68648910522461,
      "low_freq": 12199.2666015625,
      "mid_mean": -37.752384185791016,
      "mid_to_side_loudness": -1.8195509910583496,
      "mid_to_side_loudness_range": 2.758756160736084,
      "side_mean": -39.638587951660156
    }
  ],
  "bands_short": [
    {
      "high_freq": 148.1999969482422,
      "loudness": -23.518218994140625,
      "loudness_range": 18.95701026916504,
      "mid_mean": -20.1566104888916,
      "mid_to_side_loudness": -13.128923416137695,
      "mid_to_side_loudness_range": 14.915740966796875,
      "side_mean": -33.77482986450195
    },
    {
      "high_freq": 392.3793640136719,
      "loudness": -18.725704193115234,
      "loudness_range": 12.197274208068848,
      "low_freq": 148.1999969482422,
      "mid_mean": -16.038476943969727,
      "mid_to_side_loudness": -7.1139445304870605,
      "mid_to_side_loudness_range": 13.088223457336426,
      "side_mean": -23.39687728881836
    },
    {
      "high_freq": 794.6976318359375,
      "loudness": -22.743242263793945,
      "loudness_range": 11.94407844543457,
      "low_freq": 392.3793640136719,
      "mid_mean": -21.976669311523438,
      "mid_to_side_loudness": -1.30014169216156,
      "mid_to_side_loudness_range": 13.26261043548584,
      "side_mean": -23.207195281982422
    },
    {
      "high_freq": 1457.5709228515625,
      "loudness": -25.276180267333984,
      "loudness_range": 13.196163177490234,
      "low_freq": 794.6976318359375,
      "mid_mean": -24.051502227783203,
      "mid_to_side_loudness": -2.1106109619140625,
      "mid_to_side_loudness_range": 10.944089889526367,
      "side_mean": -26.117223739624023
    },
    {
      "high_freq": 2549.74365234375,
      "loudness": -27.042402267456055,
      "loudness_range": 15.069528579711914,
      "low_freq": 1457.5709228515625,
      "mid_mean": -25.62017059326172,
      "mid_to_side_loudness": -2.240140199661255,
      "mid_to_side_loudness_range": 9.24107551574707,
      "side_mean": -27.853139877319336
    },
    {
      "high_freq": 4349.24462890625,
      "loudness": -29.19635009765625,
      "loudness_range": 16.552078247070312,
      "low_freq": 2549.74365234375,
      "mid_mean": -27.695825576782227,
      "mid_to_side_loudness": -2.095266342163086,
      "mid_to_side_loudness_range": 7.378873348236084,
      "side_mean": -29.934616088867188
    },
    {
      "high_freq": 7314.1640625,
      "loudness": -33.473541259765625,
      "loudness_range": 18.85968589782715,
      "low_freq": 4349.24462890625,
      "mid_mean": -31.91336441040039,
      "mid_to_side_loudness": -2.435638666152954,
      "mid_to_side_loudness_range": 6.668292999267578,
      "side_mean": -34.34371566772461
    },
    {
      "high_freq": 12199.2666015625,
      "loudness": -37.18772506713867,
      "loudness_range": 19.978084564208984,
      "low_freq": 7314.1640625,
      "mid_mean": -35.931785583496094,
      "mid_to_side_loudness": -1.7034653425216675,
      "mid_to_side_loudness_range": 5.918814659118652,
      "side_mean": -37.600955963134766
    },
    {
      "loudness": -43.492393493652344,
      "loudness_range": 23.81535530090332,
      "low_freq": 12199.2666015625,
      "mid_mean": -42.394775390625,
      "mid_to_side_loudness": -1.3104259967803955,
      "mid_to_side_loudness_range": 3.7109432220458984,
      "side_mean": -43.906333923339844
    }
  ],
  "channels": 2,
  "covariance": [
    [
      20.48738670349121,
      14.737527847290039,
      10.51021671295166,
      5.916633129119873,
      8.815512657165527,
      7.0995707511901855,
      8.503968238830566,
      8.345354080200195,
      10.534204483032227,
      9.819257736206055,
      10.225757598876953,
      11.655536651611328,
      8.883790969848633,
      10.127954483032227,
      7.9369611740112305,
      8.775238990783691,
      7.422328472137451,
      7.692748546600342
    ],
    [
      14.737527847290039,
      20.741039276123047,
      10.046364784240723,
      7.596841335296631,
      9.18142032623291,
      9.179314613342285,
      8.249893188476562,
      9.249863624572754,
      11.0589599609375,
      11.327768325805664,
      11.059432029724121,
      12.955750465393066,
      9.943713188171387,
      11.32164192199707,
      8.594245910644531,
      9.283731460571289,
      7.128605365753174,
      7.307122707366943
    ],
    [
      10.51021671295166,
      10.046364784240723,
      18.107830047607422,
      8.102313995361328,
      9.383329391479492,
      7.291328430175781,
      9.135932922363281,
      8.967954635620117,
      11.899051666259766,
      11.378896713256836,
      10.684249877929688,
      12.449392318725586,
      12.105079650878906,
      13.008092880249023,
      11.486210823059082,
      12.226670265197754,
      9.568500518798828,
      9.865316390991211
    ],
    [
      5.916633129119873,
      7.596841335296631,
      8.102313995361328,
      11.649141311645508,
      7.194652557373047,
      8.876625061035156,
      5.908084392547607,
      7.386073589324951,
      8.6885404586792,
      10.73398208618164,
      8.74965763092041,
      11.136270523071289,
      9.997017860412598,
      11.400412559509277,
      8.403434753417969,
      8.671296119689941,
      5.851590633392334,
      5.993485927581787
    ],
    [
      8.815512657165527,
      9.18142032623291,
      9.383329391479492,
      7.194652557373047,
      17.24030303955078,
      11.112676620483398,
      11.58818244934082,
      13.244874954223633,
      16.223363876342773,
      15.778339385986328,
      16.818105697631836,
      18.26519203186035,
      14.609498023986816,
      15.444046020507812,
      11.812284469604492,
      12.321538925170898,
      9.282469749450684,
      9.353778839111328
    ],
    [
      7.0995707511901855,
      9.179314613342285,
      7.291328430175781,
      8.876625061035156,
      11.112676620483398,
      20.08506965637207,
      7.582343101501465,
      12.02124309539795,
      12.125545501708984,
      15.850598335266113,
      12.651593208312988,
      16.012680053710938,
      11.695589065551758,
      13.291584014892578,
      9.694714546203613,
      9.807374954223633,
      6.844746112823486,
      6.974218368530273
    ],
    [
      8.503968238830566,
      8.249893188476562,
      9.135932922363281,
      5.908084392547607,
      11.58818244934082,
      7.582343101501465,
      15.22571086883545,
      13.003082275390625,
      14.169032096862793,
      12.182284355163574,
      13.897180557250977,
      14.563326835632324,
      11.171671867370605,
      12.322049140930176,
      9.112740516662598,
      10.215073585510254,
      7.544628143310547,
      7.889452934265137
    ],
    [
      8.345354080200195,
      9.249863624572754,
      8.967954635620117,
      7.386073589324951,
      13.244874954223633,
      12.02124309539795,
      13.003082275390625,
      22.32332992553711,
      13.89736270904541,
      15.091872215270996,
      15.6616849899292,
      19.03753662109375,
      13.771271705627441,
      15.187111854553223,
      10.611507415771484,
      11.051996231079102,
      7.962197303771973,
      8.09130573272705
    ],
    [
      10.534204483032227,
      11.0589599609375,
      11.899051666259766,
      8.6885404586792,
      16.223363876342773,
      12.125545501708984,
      14.169032096862793,
      13.89736270904541,
      23.207115173339844,
      21.1962890625,
      20.194690704345703,
      21.66607666015625,
      17.28460121154785,
      18.613323211669922,
      13.914801597595215,
      14.693924903869629,
      11.163325309753418,
      11.25324535369873
    ],
    [
      9.819257736206055,
      11.327768325805664,
      11.378896713256836,
      10.73398208618164,
      15.778339385986328,
      15.850598335266113,
      12.182284355163574,
      15.091872215270996,
      21.1962890625,
      26.32539939880371,
      19.72865104675293,
      23.057336807250977,
      18.07307243347168,
      20.067951202392578,
      14.389863014221191,
      15.048117637634277,
      10.716717720031738,
      10.896327018737793
    ],
    [
      10.225757598876953,
      11.059432029724121,
      10.684249877929688,
      8.74965763092041,
      16.818105697631836,
      12.651593208312988,
      13.897180557250977,
      15.6616849899292,
      20.194690704345703,
      19.72865104675293,
      26.82143783569336,
      25.853429794311523,
      21.714338302612305,
      23.410493850708008,
      15.903759956359863,
      16.952760696411133,
      12.115930557250977,
      12.287677764892578
    ],
    [
      11.655536651611328,
      12.955750465393066,
      12.449392318725586,
      11.136270523071289,
      18.26519203186035,
      16.012680053710938,
      14.563326835632324,
      19.03753662109375,
      21.66607666015625,
      23.057336807250977,
      25.853429794311523,
      30.599594116210938,
      23.69839096069336,
      26.376964569091797,
      18.033212661743164,
      19.224973678588867,
      13.012105941772461,
      13.417454719543457
    ],
    [
      8.883790969848633,
      9.943713188171387,
      12.105079650878906,
      9.997017860412598,
      14.609498023986816,
      11.695589065551758,
      11.171671867370605,
      13.771271705627441,
      17.28460121154785,
      18.07307243347168,
      21.714338302612305,
      23.69839096069336,
      30.54315948486328,
      31.066768646240234,
      24.130029678344727,
      24.732622146606445,
      18.17708969116211,
      18.16715431213379
    ],
    [
      10.127954483032227,
      11.32164192199707,
      13.008092880249023,
      11.400412559509277,
      15.444046020507812,
      13.291584014892578,
      12.322049140930176,
      15.187111854553223,
      18.613323211669922,
      20.067951202392578,
      23.410493850708008,
      26.376964569091797,
      31.066768646240234,
      36.20950698852539,
      24.532766342163086,
      27.351675033569336,
      16.363609313964844,
      17.24172019958496
    ],
    [
      7.9369611740112305,
      8.594245910644531,
      11.486210823059082,
      8.403434753417969,
      11.812284469604492,
      9.694714546203613,
      9.112740516662598,
      10.611507415771484,
      13.914801597595215,
      14.389863014221191,
      15.903759956359863,
      18.033212661743164,
      24.130029678344727,
      24.532766342163086,
      27.197200775146484,
      26.62839698791504,
      22.011817932128906,
      21.92888069152832
    ],
    [
      8.775238990783691,
      9.283731460571289,
      12.226670265197754,
      8.671296119689941,
      12.321538925170898,
      9.807374954223633,
      10.215073585510254,
      11.051996231079102,
      14.693924903869629,
      15.048117637634277,
      16.952760696411133,
      19.224973678588867,
      24.732622146606445,
      27.351675033569336,
      26.62839698791504,
      29.79701805114746,
      20.493112564086914,
      21.405136108398438
    ],
    [
      7.422328472137451,
      7.128605365753174,
      9.568500518798828,
      5.851590633392334,
      9.282469749450684,
      6.844746112823486,
      7.544628143310547,
      7.962197303771973,
      11.163325309753418,
      10.716717720031738,
      12.115930557250977,
      13.012105941772461,
      18.17708969116211,
      16.363609313964844,
      22.011817932128906,
      20.493112564086914,
      26.03874397277832,
      24.875303268432617
    ],
    [
      7.692748546600342,
      7.307122707366943,
      9.865316390991211,
      5.993485927581787,
      9.353778839111328,
      6.974218368530273,
      7.889452934265137,
      8.09130573272705,
      11.25324535369873,
      10.896327018737793,
      12.287677764892578,
      13.417454719543457,
      18.16715431213379,
      17.24172019958496,
      21.92888069152832,
      21.405136108398438,
      24.875303268432617,
      24.518760681152344
    ]
  ],
  "covariance_short": [
    [
      46.177001953125,
      27.54759979248047,
      20.270347595214844,
      9.045561790466309,
      9.728477478027344,
      8.895650863647461,
      10.1902494430542,
      8.848172187805176,
      12.886809349060059,
      11.759254455566406,
      11.705360412597656,
      12.909917831420898,
      11.597745895385742,
      11.353872299194336,
      12.756524085998535,
      12.334729194641113,
      14.940497398376465,
      15.247164726257324
    ],
    [
      27.54759979248047,
      39.3338737487793,
      15.418272018432617,
      10.07132339477539,
      9.32987117767334,
      9.67967700958252,
      9.368008613586426,
      9.381540298461914,
      12.454205513000488,
      12.095930099487305,
      11.249137878417969,
      13.338833808898926,
      11.0984468460083,
      11.81367301940918,
      10.986379623413086,
      11.374594688415527,
      10.626989364624023,
      11.442292213439941
    ],
    [
      20.270347595214844,
      15.418272018432617,
      27.781017303466797,
      12.904023170471191,
      12.430685997009277,
      10.184945106506348,
      12.857561111450195,
      11.890077590942383,
      15.25014591217041,
      14.633153915405273,
      14.015618324279785,
      15.624836921691895,
      15.399785995483398,
      15.618274688720703,
      16.148517608642578,
      16.60041046142578,
      16.08889389038086,
      17.058164596557617
    ],
    [
      9.045561790466309,
      10.07132339477539,
      12.904023170471191,
      16.975645065307617,
      9.531569480895996,
      11.112092971801758,
      9.409127235412598,
      10.173696517944336,
      11.357629776000977,
      13.093379020690918,
      11.458113670349121,
      13.834895133972168,
      12.92216968536377,
      13.969989776611328,
      12.71933650970459,
      13.293793678283691,
      10.975931167602539,
      12.1249361038208
    ],
    [
      9.728477478027344,
      9.32987117767334,
      12.430685997009277,
      9.531569480895996,
      24.24659538269043,
      13.902061462402344,
      16.115388870239258,
      16.664649963378906,
      19.86135482788086,
      18.666847229003906,
      21.4702205657959,
      22.470029830932617,
      19.67361068725586,
      19.69849967956543,
      16.819751739501953,
      17.058931350708008,
      14.683795928955078,
      15.224589347839355
    ],
    [
      8.895650863647461,
      9.67967700958252,
      10.184945106506348,
      11.112092971801758,
      13.902061462402344,
      25.052997589111328,
      11.703126907348633,
      14.722037315368652,
      14.715025901794434,
      18.094173431396484,
      15.596452713012695,
      18.775814056396484,
      15.766209602355957,
      17.023792266845703,
      14.192273139953613,
      14.557931900024414,
      12.304706573486328,
      13.154160499572754
    ],
    [
      10.1902494430542,
      9.368008613586426,
      12.857561111450195,
      9.409127235412598,
      16.115388870239258,
      11.703126907348633,
      26.240957260131836,
      19.715545654296875,
      20.629289627075195,
      18.33527374267578,
      20.95796775817871,
      21.138113021850586,
      18.155900955200195,
      18.353605270385742,
      16.44704246520996,
      17.12420654296875,
      15.329388618469238,
      16.346094131469727
    ],
    [
      8.848172187805176,
      9.381540298461914,
      11.890077590942383,
      10.173696517944336,
      16.664649963378906,
      14.722037315368652,
      19.715545654296875,
      29.71687126159668,
      18.28066635131836,
      19.064699172973633,
      20.555130004882812,
      23.69927215576172,
      18.438644409179688,
      19.461835861206055,
      15.815526962280273,
      16.437341690063477,
      13.43410873413086,
      14.292793273925781
    ],
    [
      12.886809349060059,
      12.454205513000488,
      15.25014591217041,
      11.357629776000977,
      19.86135482788086,
      14.715025901794434,
      20.629289627075195,
      18.28066635131836,
      31.11802864074707,
      25.84255599975586,
      26.28935432434082,
      26.774375915527344,
      22.957378387451172,
      23.206209182739258,
      19.860946655273438,
      20.121742248535156,
      17.524147033691406,
      18.337055206298828
    ],
    [
      11.759254455566406,
      12.095930099487305,
      14.633153915405273,
      13.093379020690918,
      18.666847229003906,
      18.094173431396484,
      18.33527374267578,
      19.064699172973633,
      25.84255599975586,
      32.401275634765625,
      24.44085121154785,
      27.66427230834961,
      23.397701263427734,
      24.650850296020508,
      20.190876007080078,
      20.927715301513672,
      16.86574363708496,
      18.24907875061035
    ],
    [
      11.705360412597656,
      11.249137878417969,
      14.015618324279785,
      11.458113670349121,
      21.4702205657959,
      15.596452713012695,
      20.95796775817871,
      20.555130004882812,
      26.28935432434082,
      24.44085121154785,
      37.17674255371094,
      33.651466369628906,
      29.628511428833008,
      30.21251106262207,
      24.738882064819336,
      25.1141357421875,
      22.1033935546875,
      23.31864356994629
    ],
    [
      12.909917831420898,
      13.338833808898926,
      15.624836921691895,
      13.834895133972168,
      22.470029830932617,
      18.775814056396484,
      21.138113021850586,
      23.69927215576172,
      26.774375915527344,
      27.66427230834961,
      33.651466369628906,
      39.71903610229492,
      31.06211280822754,
      33.1495246887207,
      26.30617332458496,
      27.62525749206543,
      21.815959930419922,
      23.758068084716797
    ],
    [
      11.597745895385742,
      11.0984468460083,
      15.399785995483398,
      12.92216968536377,
      19.67361068725586,
      15.766209602355957,
      18.155900955200195,
      18.438644409179688,
      22.957378387451172,
      23.397701263427734,
      29.628511428833008,
      31.06211280822754,
      43.642845153808594,
      41.55999755859375,
      39.49757385253906,
      39.35978698730469,
      36.66028594970703,
      37.87201690673828
    ],
    [
      11.353872299194336,
      11.81367301940918,
      15.618274688720703,
      13.969989776611328,
      19.69849967956543,
      17.023792266845703,
      18.353605270385742,
      19.461835861206055,
      23.206209182739258,
      24.650850296020508,
      30.21251106262207,
      33.1495246887207,
      41.55999755859375,
      47.334651947021484,
      38.6478271484375,
      41.6959114074707,
      32.02823257446289,
      34.70270919799805
    ],
    [
      12.756524085998535,
      10.986379623413086,
      16.148517608642578,
      12.71933650970459,
      16.819751739501953,
      14.192273139953613,
      16.44704246520996,
      15.815526962280273,
      19.860946655273438,
      20.190876007080078,
      24.738882064819336,
      26.30617332458496,
      39.49757385253906,
      38.6478271484375,
      50.675716400146484,
      48.82353210449219,
      50.475929260253906,
      51.18366622924805
    ],
    [
      12.334729194641113,
      11.374594688415527,
      16.60041046142578,
      13.293793678283691,
      17.058931350708008,
      14.557931900024414,
      17.12420654296875,
      16.437341690063477,
      20.121742248535156,
      20.927715301513672,
      25.1141357421875,
      27.62525749206543,
      39.35978698730469,
      41.6959114074707,
      48.82353210449219,
      52.93026351928711,
      46.25626754760742,
      48.68305206298828
    ],
    [
      14.940497398376465,
      10.626989364624023,
      16.08889389038086,
      10.975931167602539,
      14.683795928955078,
      12.304706573486328,
      15.329388618469238,
      13.43410873413086,
      17.524147033691406,
      16.86574363708496,
      22.1033935546875,
      21.815959930419922,
      36.66028594970703,
      32.02823257446289,
      50.475929260253906,
      46.25626754760742,
      68.22467803955078,
      64.59437561035156
    ],
    [
      15.247164726257324,
      11.442292213439941,
      17.058164596557617,
      12.1249361038208,
      15.224589347839355,
      13.154160499572754,
      16.346094131469727,
      14.292793273925781,
      18.337055206298828,
      18.24907875061035,
      23.31864356994629,
      23.758068084716797,
      37.87201690673828,
      34.70270919799805,
      51.18366622924805,
      48.68305206298828,
      64.59437561035156,
      65.11912536621094
    ]
  ],
  "drr": 13.088665008544922,
  "dynamics": 2.8177363872528076,
  "format": 1245190,
  "frames": 13737984,
  "loudness": -10.45733642578125,
  "loudness_range": 6.329278945922852,
  "loudness_range_short": 10.172795295715332,
  "peak": 0.7831048369407654,
  "rms": -12.23723316192627,
  "sample_rate": 44100,
  "sections": 1,
  "seekable": 1,
  "sharpness": 2.634178400039673,
  "space": -5.1507673263549805
}