{
  "bands": [
    {
      "high_freq": 148.1999969482422,
      "loudness": -16.121471405029297,
      "loudness_range": 9.836067199707031,
      "mid_mean": -12.581761360168457,
      "mid_to_side_loudness": -19.99822425842285,
      "mid_to_side_loudness_range": 24.2125301361084,
      "side_mean": -33.18219757080078
    },
    {
      "high_freq": 392.3793640136719,
      "loudness": -19.103296279907227,
      "loudness_range": 8.257233619689941,
      "low_freq": 148.1999969482422,
      "mid_mean": -16.09149742126465,
      "mid_to_side_loudness": -8.901034355163574,
      "mid_to_side_loudness_range": 12.192975044250488,
      "side_mean": -25.22652244567871
    },
    {
      "high_freq": 794.6976318359375,
      "loudness": -23.35807991027832,
      "loudness_range": 11.360078811645508,
      "low_freq": 392.3793640136719,
      "mid_mean": -21.171918869018555,
      "mid_to_side_loudness": -4.663658618927002,
      "mid_to_side_loudness_range": 9.54614543914795,
      "side_mean": -26.026277542114258
    },
    {
      "high_freq": 1457.5709228515625,
      "loudness": -25.668107986450195,
      "loudness_range": 18.685659408569336,
      "low_freq": 794.6976318359375,
      "mid_mean": -23.516809463500977,
      "mid_to_side_loudness": -4.940096378326416,
      "mid_to_side_loudness_range": 11.970478057861328,
      "side_mean": -28.35649871826172
    },
    {
      "high_freq": 2549.74365234375,
      "loudness": -25.295820236206055,
      "loudness_range": 16.42173194885254,
      "low_freq": 1457.5709228515625,
      "mid_mean": -23.032316207885742,
      "mid_to_side_loudness": -5.0023722648620605,
      "mid_to_side_loudness_range": 9.247045516967773,
      "side_mean": -28.193735122680664
    },
    {
      "high_freq": 4349.24462890625,
      "loudness": -28.133464813232422,
      "loudness_range": 14.24679183959961,
      "low_freq": 2549.74365234375,
      "mid_mean": -25.656940460205078,
      "mid_to_side_loudness": -5.952579021453857,
      "mid_to_side_loudness_range": 9.712811470031738,
      "side_mean": -31.594932556152344
    },
    {
      "high_freq": 7314.1640625,
      "loudness": -29.34313201904297,
      "loudness_range": 14.332391738891602,
      "low_freq": 4349.24462890625,
      "mid_mean": -26.43528175354004,
      "mid_to_side_loudness": -9.225037574768066,
      "mid_to_side_loudness_range": 13.138712882995605,
      "side_mean": -35.92316436767578
    },
    {
      "high_freq": 12199.2666015625,
      "loudness": -28.78312873840332,
      "loudness_range": 12.370346069335938,
      "low_freq": 7314.1640625,
      "mid_mean": -25.703481674194336,
      "mid_to_side_loudness": -10.752001762390137,
      "mid_to_side_loudness_range": 15.440984725952148,
      "side_mean": -36.486324310302734
    },
    {
      "loudness": -33.03181076049805,
      "loudness_range": 11.635154724121094,
      "low_freq": 12199.2666015625,
      "mid_mean": -29.646909713745117,
      "mid_to_side_loudness": -13.29323673248291,
      "mid_to_side_loudness_range": 16.566604614257812,
      "side_mean": -43.374908447265625
    }
  ],
  "bands_short": [
    {
      "high_freq": 148.1999969482422,
      "loudness": -20.84581184387207,
      "loudness_range": 21.452842712402344,
      "mid_mean": -17.523366928100586,
      "mid_to_side_loudness": -19.57729721069336,
      "mid_to_side_loudness_range": 33.34104919433594,
      "side_mean": -38.66564178466797
    },
    {
      "high_freq": 392.3793640136719,
      "loudness": -19.478858947753906,
      "loudness_range": 17.805633544921875,
      "low_freq": 148.1999969482422,
      "mid_mean": -16.800281524658203,
      "mid_to_side_loudness": -9.029052734375,
      "mid_to_side_loudness_range": 20.462657928466797,
      "side_mean": -26.241857528686523
    },
    {
      "high_freq": 794.6976318359375,
      "loudness": -25.052066802978516,
      "loudness_range": 17.10895347595215,
      "low_freq": 392.3793640136719,
      "mid_mean": -23.16737937927246,
      "mid_to_side_loudness": -4.510688304901123,
      "mid_to_side_loudness_range": 13.881315231323242,
      "side_mean": -27.687030792236328
    },
    {
      "high_freq": 1457.5709228515625,
      "loudness": -25.958126068115234,
      "loudness_range": 22.615997314453125,
      "low_freq": 794.6976318359375,
      "mid_mean": -24.180036544799805,
      "mid_to_side_loudness": -4.399177074432373,
      "mid_to_side_loudness_range": 13.549835205078125,
      "side_mean": -28.167280197143555
    },
    {
      "high_freq": 2549.74365234375,
      "loudness": -27.020795822143555,
      "loudness_range": 22.644855499267578,
      "low_freq": 1457.5709228515625,
      "mid_mean": -25.15082550048828,
      "mid_to_side_loudness": -4.29237174987793,
      "mid_to_side_loudness_range": 11.226064682006836,
      "side_mean": -29.4465274810791
    },
    {
      "high_freq": 4349.24462890625,
      "loudness": -29.822011947631836,
      "loudness_range": 20.267873764038086,
      "low_freq": 2549.74365234375,
      "mid_mean": -27.626956939697266,
      "mid_to_side_loudness": -5.442109107971191,
      "mid_to_side_loudness_range": 11.333556175231934,
      "side_mean": -33.118133544921875
    },
    {
      "high_freq": 7314.1640625,
      "loudness": -31.4385929107666,
      "loudness_range": 24.545228958129883,
      "low_freq": 4349.24462890625,
      "mid_mean": -28.726184844970703,
      "mid_to_side_loudness": -8.35243034362793,
      "mid_to_side_loudness_range": 14.750212669372559,
      "side_mean": -37.07767868041992
    },
    {
      "high_freq": 12199.2666015625,
      "loudness": -30.956899642944336,
      "loudness_range": 23.11572265625,
      "low_freq": 7314.1640625,
      "mid_mean": -28.201765060424805,
      "mid_to_side_loudness": -10.244566917419434,
      "mid_to_side_loudness_range": 17.456798553466797,
      "side_mean": -37.39588165283203
    },
    {
      "loudness": -36.27838134765625,
      "loudness_range": 21.89352035522461,
      "low_freq": 12199.2666015625,
      "mid_mean": -33.34510803222656,
      "mid_to_side_loudness": -11.705276489257812,
      "mid_to_side_loudness_range": 19.63823699951172,
      "side_mean": -45.814727783203125
    }
  ],
  "channels": 2,
  "covariance": [
    [
      24.32822608947754,
      3.3798539638519287,
      10.200075149536133,
      1.9209535121917725,
      2.8897764682769775,
      5.331840515136719,
      4.621055603027344,
      3.4200937747955322,
      7.435746669769287,
      4.158878326416016,
      7.864223957061768,
      4.150638103485107,
      11.339197158813477,
      7.747989654541016,
      7.7973198890686035,
      3.9822206497192383,
      8.31091594696045,
      4.898919105529785
    ],
    [
      3.3798539638519287,
      29.46671485900879,
      3.7324042320251465,
      7.028576374053955,
      9.049372673034668,
      9.81302547454834,
      12.056957244873047,
      14.988484382629395,
      11.41529655456543,
      13.102459907531738,
      7.059993267059326,
      8.212518692016602,
      4.932523250579834,
      9.755060195922852,
      3.9427714347839355,
      8.549179077148438,
      0.6820423603057861,
      5.5471954345703125
    ],
    [
      10.200075149536133,
      3.7324042320251465,
      15.530802726745605,
      6.243668556213379,
      7.045411109924316,
      6.754675388336182,
      8.491619110107422,
      5.997088432312012,
      5.331096172332764,
      2.8292880058288574,
      5.228400230407715,
      2.3684046268463135,
      7.71948766708374,
      7.178006649017334,
      5.793190002441406,
      4.1472554206848145,
      3.0534896850585938,
      2.995955467224121
    ],
    [
      1.9209535121917725,
      7.028576374053955,
      6.243668556213379,
      14.79670238494873,
      5.754340648651123,
      8.364683151245117,
      3.390733003616333,
      3.6538069248199463,
      2.591315507888794,
      3.1750447750091553,
      1.434506893157959,
      2.2015886306762695,
      0.811793863773346,
      3.55305552482605,
      1.374077320098877,
      1.6663464307785034,
      1.0163406133651733,
      1.8211404085159302
    ],
    [
      2.8897764682769775,
      9.049372673034668,
      7.045411109924316,
      5.754340648651123,
      22.2111873626709,
      20.683076858520508,
      22.78850555419922,
      26.477493286132812,
      18.20869255065918,
      21.092395782470703,
      11.892898559570312,
      14.500067710876465,
      13.289631843566895,
      22.33245277404785,
      12.172215461730957,
      21.80361557006836,
      4.878906726837158,
      13.4480562210083
    ],
    [
      5.331840515136719,
      9.81302547454834,
      6.754675388336182,
      8.364683151245117,
      20.683076858520508,
      35.18376541137695,
      22.14153480529785,
      34.84259796142578,
      19.378421783447266,
      28.621980667114258,
      13.134160041809082,
      21.08660125732422,
      16.002944946289062,
      30.149429321289062,
      14.780146598815918,
      28.961576461791992,
      9.767265319824219,
      19.38418960571289
    ],
    [
      4.621055603027344,
      12.056957244873047,
      8.491619110107422,
      3.390733003616333,
      22.78850555419922,
      22.14153480529785,
      39.724239349365234,
      41.971195220947266,
      28.810287475585938,
      29.6527042388916,
      20.542097091674805,
      21.002050399780273,
      20.175125122070312,
      29.433534622192383,
      16.04745864868164,
      28.315715789794922,
      7.051726341247559,
      18.28221321105957
    ],
    [
      3.4200937747955322,
      14.988484382629395,
      5.997088432312012,
      3.6538069248199463,
      26.477493286132812,
      34.84259796142578,
      41.971195220947266,
      66.59184265136719,
      31.33295249938965,
      44.62626647949219,
      21.55445098876953,
      32.73426818847656,
      22.238506317138672,
      42.670204162597656,
      18.556644439697266,
      41.8376579284668,
      10.307292938232422,
      26.98521614074707
    ],
    [
      7.435746669769287,
      11.41529655456543,
      5.331096172332764,
      2.591315507888794,
      18.20869255065918,
      19.378421783447266,
      28.810287475585938,
      31.33295249938965,
      37.27702713012695,
      32.539337158203125,
      27.05942726135254,
      25.05514907836914,
      25.559188842773438,
      31.81374740600586,
      18.540903091430664,
      31.57044219970703,
      11.378746032714844,
      20.569583892822266
    ],
    [
      4.158878326416016,
      13.102459907531738,
      2.8292880058288574,
      3.1750447750091553,
      21.092395782470703,
      28.621980667114258,
      29.6527042388916,
      44.62626647949219,
      32.539337158203125,
      45.84010314941406,
      22.345563888549805,
      32.44684982299805,
      20.500131607055664,
      38.77138137817383,
      17.589006423950195,
      38.21392059326172,
      10.657110214233398,
      25.257287979125977
    ],
    [
      7.864223957061768,
      7.059993267059326,
      5.228400230407715,
      1.434506893157959,
      11.892898559570312,
      13.134160041809082,
      20.542097091674805,
      21.55445098876953,
      27.05942726135254,
      22.345563888549805,
      27.285245895385742,
      23.53525733947754,
      25.062959671020508,
      27.924575805664062,
      17.605985641479492,
      25.496110916137695,
      12.983190536499023,
      17.276714324951172
    ],
    [
      4.150638103485107,
      8.212518692016602,
      2.3684046268463135,
      2.2015886306762695,
      14.500067710876465,
      21.08660125732422,
      21.002050399780273,
      32.73426818847656,
      25.05514907836914,
      32.44684982299805,
      23.53525733947754,
      35.603694915771484,
      19.675338745117188,
      35.52490234375,
      15.049708366394043,
      31.41950798034668,
      12.01551628112793,
      21.270797729492188
    ],
    [
      11.339197158813477,
      4.932523250579834,
      7.71948766708374,
      0.811793863773346,
      13.289631843566895,
      16.002944946289062,
      20.175125122070312,
      22.238506317138672,
      25.559188842773438,
      20.500131607055664,
      25.062959671020508,
      19.675338745117188,
      39.08732604980469,
      35.5694694519043,
      26.86375617980957,
      33.48490905761719,
      19.354089736938477,
      23.836977005004883
    ],
    [
      7.747989654541016,
      9.755060195922852,
      7.178006649017334,
      3.55305552482605,
      22.33245277404785,
      30.149429321289062,
      29.433534622192383,
      42.670204162597656,
      31.81374740600586,
      38.77138137817383,
      27.924575805664062,
      35.52490234375,
      35.5694694519043,
      60.14878845214844,
      29.23558807373047,
      52.75315475463867,
      19.556310653686523,
      35.19986343383789
    ],
    [
      7.7973198890686035,
      3.9427714347839355,
      5.793190002441406,
      1.374077320098877,
      12.172215461730957,
      14.780146598815918,
      16.04745864868164,
      18.556644439697266,
      18.540903091430664,
      17.589006423950195,
      17.605985641479492,
      15.049708366394043,
      26.86375617980957,
      29.23558807373047,
      31.509052276611328,
      32.2884635925293,
      18.234386444091797,
      24.625732421875
    ],
    [
      3.9822206497192383,
      8.549179077148438,
      4.1472554206848145,
      1.6663464307785034,
      21.80361557006836,
      28.961576461791992,
      28.315715789794922,
      41.8376579284668,
      31.57044219970703,
      38.21392059326172,
      25.496110916137695,
      31.41950798034668,
      33.48490905761719,
      52.75315475463867,
      32.2884635925293,
      67.31922149658203,
      19.68550682067871,
      43.30171585083008
    ],
    [
      8.31091594696045,
      0.6820423603057861,
      3.0534896850585938,
      1.0163406133651733,
      4.878906726837158,
      9.767265319824219,
      7.051726341247559,
      10.307292938232422,
      11.378746032714844,
      10.657110214233398,
      12.983190536499023,
      12.01551628112793,
      19.354089736938477,
      19.556310653686523,
      18.234386444091797,
      19.68550682067871,
      25.043495178222656,
      19.42119598388672
    ],
    [
      4.898919105529785,
      5.5471954345703125,
      2.995955467224121,
      1.8211404085159302,
      13.4480562210083,
      19.38418960571289,
      18.28221321105957,
      26.98521614074707,
      20.569583892822266,
      25.257287979125977,
      17.276714324951172,
      21.270797729492188,
      23.836977005004883,
      35.19986343383789,
      24.625732421875,
      43.30171585083008,
      19.42119598388672,
      41.516876220703125
    ]
  ],
  "covariance_short": [
    [
      57.8802604675293,
      7.700826644897461,
      18.366106033325195,
      -6.872852802276611,
      0.048353828489780426,
      1.044229507446289,
      0.4902656674385071,
      0.2649742662906647,
      4.042479991912842,
      2.082296848297119,
      7.505331993103027,
      1.3529380559921265,
      11.347674369812012,
      2.6367645263671875,
      10.876287460327148,
      -0.7445419430732727,
      15.478971481323242,
      1.6145820617675781
    ],
    [
      7.700826644897461,
      72.21641540527344,
      10.040740966796875,
      13.76851749420166,
      20.318178176879883,
      22.771955490112305,
      28.26175308227539,
      31.494718551635742,
      29.079166412353516,
      31.289756774902344,
      23.51286506652832,
      24.3144474029541,
      22.433931350708008,
      26.644866943359375,
      19.01457977294922,
      20.107433319091797,
      18.551023483276367,
      20.59800910949707
    ],
    [
      18.366106033325195,
      10.040740966796875,
      45.79605484008789,
      8.596579551696777,
      15.567021369934082,
      8.1419095993042,
      9.060958862304688,
      1.9497448205947876,
      9.934547424316406,
      3.046476125717163,
      11.813336372375488,
      4.399709701538086,
      12.444586753845215,
      5.240444660186768,
      10.987309455871582,
      2.1421396732330322,
      14.403313636779785,
      8.742953300476074
    ],
    [
      -6.872852802276611,
      13.76851749420166,
      8.596579551696777,
      25.376264572143555,
      10.459787368774414,
      13.059869766235352,
      6.565122604370117,
      6.957456111907959,
      4.617696762084961,
      6.091634750366211,
      2.389564037322998,
      5.1867265701293945,
      0.2441510707139969,
      4.183472156524658,
      0.2505963444709778,
      3.141510248184204,
      1.4042437076568604,
      3.9202804565429688
    ],
    [
      0.048353828489780426,
      20.318178176879883,
      15.567021369934082,
      10.459787368774414,
      42.857749938964844,
      32.22157287597656,
      31.265512466430664,
      28.74651336669922,
      29.514673233032227,
      28.327224731445312,
      23.055706024169922,
      24.26591682434082,
      22.706382751464844,
      27.974111557006836,
      19.623693466186523,
      25.025327682495117,
      15.489320755004883,
      26.455080032348633
    ],
    [
      1.044229507446289,
      22.771955490112305,
      8.1419095993042,
      13.059869766235352,
      32.22157287597656,
      50.8695068359375,
      29.195634841918945,
      36.3929557800293,
      27.004955291748047,
      33.171871185302734,
      21.550384521484375,
      28.688594818115234,
      22.046613693237305,
      32.30827331542969,
      20.4449405670166,
      30.2862548828125,
      16.490848541259766,
      28.633092880249023
    ],
    [
      0.4902656674385071,
      28.26175308227539,
      9.060958862304688,
      6.565122604370117,
      31.265512466430664,
      29.195634841918945,
      62.65125274658203,
      52.62531661987305,
      47.234859466552734,
      45.17757034301758,
      35.58693313598633,
      37.31842803955078,
      32.10472869873047,
      39.463932037353516,
      25.62674903869629,
      33.06415939331055,
      19.760587692260742,
      34.05559539794922
    ],
    [
      0.2649742662906647,
      31.494718551635742,
      1.9497448205947876,
      6.957456111907959,
      28.74651336669922,
      36.3929557800293,
      52.62531661987305,
      74.53096771240234,
      43.09014129638672,
      52.67062759399414,
      31.560527801513672,
      42.834590911865234,
      30.493854522705078,
      45.72018051147461,
      26.324504852294922,
      40.472965240478516,
      19.16697120666504,
      37.19917297363281
    ],
    [
      4.042479991912842,
      29.079166412353516,
      9.934547424316406,
      4.617696762084961,
      29.514673233032227,
      27.004955291748047,
      47.234859466552734,
      43.09014129638672,
      67.90762329101562,
      54.63114547729492,
      47.79875564575195,
      44.56678009033203,
      41.54463195800781,
      45.5260009765625,
      33.169498443603516,
      37.33539581298828,
      27.50296974182129,
      37.362098693847656
    ],
    [
      2.082296848297119,
      31.289756774902344,
      3.046476125717163,
      6.091634750366211,
      28.327224731445312,
      33.171871185302734,
      45.17757034301758,
      52.67062759399414,
      54.63114547729492,
      67.90792083740234,
      38.39548873901367,
      49.218048095703125,
      32.82273864746094,
      48.208553314208984,
      27.800392150878906,
      40.805355072021484,
      22.258806228637695,
      38.99428939819336
    ],
    [
      7.505331993103027,
      23.51286506652832,
      11.813336372375488,
      2.389564037322998,
      23.055706024169922,
      21.550384521484375,
      35.58693313598633,
      31.560527801513672,
      47.79875564575195,
      38.39548873901367,
      56.103309631347656,
      43.12541198730469,
      46.06582260131836,
      45.51279067993164,
      37.146148681640625,
      35.04806900024414,
      33.61266326904297,
      36.01839065551758
    ],
    [
      1.3529380559921265,
      24.3144474029541,
      4.399709701538086,
      5.1867265701293945,
      24.26591682434082,
      28.688594818115234,
      37.31842803955078,
      42.834590911865234,
      44.56678009033203,
      49.218048095703125,
      43.12541198730469,
      60.3848991394043,
      34.00188064575195,
      50.96036911010742,
      29.094221115112305,
      40.22822570800781,
      25.22696304321289,
      38.97505569458008
    ],
    [
      11.347674369812012,
      22.433931350708008,
      12.444586753845215,
      0.2441510707139969,
      22.706382751464844,
      22.046613693237305,
      32.10472869873047,
      30.493854522705078,
      41.54463195800781,
      32.82273864746094,
      46.06582260131836,
      34.00188064575195,
      71.51504516601562,
      55.042884826660156,
      58.166412353515625,
      47.60012435913086,
      46.77376937866211,
      48.83320617675781
    ],
    [
      2.6367645263671875,
      26.644866943359375,
      5.240444660186768,
      4.183472156524658,
      27.974111557006836,
      32.30827331542969,
      39.463932037353516,
      45.72018051147461,
      45.5260009765625,
      48.208553314208984,
      45.51279067993164,
      50.96036911010742,
      55.042884826660156,
      82.07998657226562,
      46.58187484741211,
      63.91767120361328,
      33.94862365722656,
      57.58842849731445
    ],
    [
      10.876287460327148,
      19.01457977294922,
      10.987309455871582,
      0.2505963444709778,
      19.623693466186523,
      20.4449405670166,
      25.62674903869629,
      26.324504852294922,
      33.169498443603516,
      27.800392150878906,
      37.146148681640625,
      29.094221115112305,
      58.166412353515625,
      46.58187484741211,
      68.15838623046875,
      49.77246856689453,
      51.9239501953125,
      51.20537567138672
    ],
    [
      -0.7445419430732727,
      20.107433319091797,
      2.1421396732330322,
      3.141510248184204,
      25.025327682495117,
      30.2862548828125,
      33.06415939331055,
      40.472965240478516,
      37.33539581298828,
      40.805355072021484,
      35.04806900024414,
      40.22822570800781,
      47.60012435913086,
      63.91767120361328,
      49.77246856689453,
      85.5697250366211,
      32.688106536865234,
      65.8775405883789
    ],
    [
      15.478971481323242,
      18.551023483276367,
      14.403313636779785,
      1.4042437076568604,
      15.489320755004883,
      16.490848541259766,
      19.760587692260742,
      19.16697120666504,
      27.50296974182129,
      22.258806228637695,
      33.61266326904297,
      25.22696304321289,
      46.77376937866211,
      33.94862365722656,
      51.9239501953125,
      32.688106536865234,
      67.25155639648438,
      43.040428161621094
    ],
    [
      1.6145820617675781,
      20.59800910949707,
      8.742953300476074,
      3.9202804565429688,
      26.455080032348633,
      28.633092880249023,
      34.05559539794922,
      37.19917297363281,
      37.362098693847656,
      38.99428939819336,
      36.01839065551758,
      38.97505569458008,
      48.83320617675781,
      57.58842849731445,
      51.20537567138672,
      65.8775405883789,
      43.040428161621094,
      81.83745574951172
    ]
  ],
  "drr": 14.78967571258545,
  "dynamics": 2.7467877864837646,
  "format": 1245190,
  "frames": 9492480,
  "loudness": -8.451446533203125,
  "loudness_range": 4.137363910675049,
  "loudness_range_short": 12.389204025268555,
  "peak": 0.9280799627304077,
  "rms": -10.011913299560547,
  "sample_rate": 44100,
  "sections": 1,
  "seekable": 1,
  "sharpness": 3.624873638153076,
  "space": -8.92584228515625
}