{
  "bands": [
    {
      "high_freq": 148.1999969482422,
      "loudness": -19.19143295288086,
      "loudness_range": 8.076054573059082,
      "mid_mean": -15.7800874710083,
      "mid_to_side_loudness": -14.842355728149414,
      "mid_to_side_loudness_range": 14.47105598449707,
      "side_mean": -30.740480422973633
    },
    {
      "high_freq": 392.3793640136719,
      "loudness": -17.85995101928711,
      "loudness_range": 5.617545127868652,
      "low_freq": 148.1999969482422,
      "mid_mean": -14.558236122131348,
      "mid_to_side_loudness": -11.020748138427734,
      "mid_to_side_loudness_range": 7.9767866134643555,
      "side_mean": -25.746976852416992
    },
    {
      "high_freq": 794.6976318359375,
      "loudness": -23.093067169189453,
      "loudness_range": 8.746603012084961,
      "low_freq": 392.3793640136719,
      "mid_mean": -20.3389949798584,
      "mid_to_side_loudness": -6.828533172607422,
      "mid_to_side_loudness_range": 10.11623764038086,
      "side_mean": -27.353862762451172
    },
    {
      "high_freq": 1457.5709228515625,
      "loudness": -22.931198120117188,
      "loudness_range": 10.834869384765625,
      "low_freq": 794.6976318359375,
      "mid_mean": -20.318729400634766,
      "mid_to_side_loudness": -6.6692962646484375,
      "mid_to_side_loudness_range": 12.313361167907715,
      "side_mean": -27.199996948242188
    },
    {
      "high_freq": 2549.74365234375,
      "loudness": -19.10284996032715,
      "loudness_range": 8.191975593566895,
      "low_freq": 1457.5709228515625,
      "mid_mean": -16.621530532836914,
      "mid_to_side_loudness": -5.702736854553223,
      "mid_to_side_loudness_range": 9.829635620117188,
      "side_mean": -22.490005493164062
    },
    {
      "high_freq": 4349.24462890625,
      "loudness": -19.457176208496094,
      "loudness_range": 8.784501075744629,
      "low_freq": 2549.74365234375,
      "mid_mean": -17.273509979248047,
      "mid_to_side_loudness": -4.446350574493408,
      "mid_to_side_loudness_range": 8.022290229797363,
      "side_mean": -21.745126724243164
    },
    {
      "high_freq": 7314.1640625,
      "loudness": -25.83308219909668,
      "loudness_range": 9.414375305175781,
      "low_freq": 4349.24462890625,
      "mid_mean": -23.552066802978516,
      "mid_to_side_loudness": -4.590579509735107,
      "mid_to_side_loudness_range": 6.539758682250977,
      "side_mean": -28.176542282104492
    },
    {
      "high_freq": 12199.2666015625,
      "loudness": -28.5430965423584,
      "loudness_range": 10.190572738647461,
      "low_freq": 7314.1640625,
      "mid_mean": -26.233295440673828,
      "mid_to_side_loudness": -5.132471084594727,
      "mid_to_side_loudness_range": 9.156888961791992,
      "side_mean": -31.356996536254883
    },
    {
      "loudness": -32.88926696777344,
      "loudness_range": 10.403310775756836,
      "low_freq": 12199.2666015625,
      "mid_mean": -30.676849365234375,
      "mid_to_side_loudness": -4.491796016693115,
      "mid_to_side_loudness_range": 7.880527973175049,
      "side_mean": -35.30997085571289
    }
  ],
  "bands_short": [
    {
      "high_freq": 148.1999969482422,
      "loudness": -22.572738647460938,
      "loudness_range": 13.55302619934082,
      "mid_mean": -19.210163116455078,
      "mid_to_side_loudness": -15.35367488861084,
      "mid_to_side_loudness_range": 21.373014450073242,
      "side_mean": -34.82490539550781
    },
    {
      "high_freq": 392.3793640136719,
      "loudness": -17.367877960205078,
      "loudness_range": 9.094722747802734,
      "low_freq": 148.1999969482422,
      "mid_mean": -14.055777549743652,
      "mid_to_side_loudness": -11.71522331237793,
      "mid_to_side_loudness_range": 10.901905059814453,
      "side_mean": -25.85152244567871
    },
    {
      "high_freq": 794.6976318359375,
      "loudness": -23.938749313354492,
      "loudness_range": 11.93321418762207,
      "low_freq": 392.3793640136719,
      "mid_mean": -21.42632484436035,
      "mid_to_side_loudness": -6.389081954956055,
      "mid_to_side_loudness_range": 12.82494831085205,
      "side_mean": -27.957740783691406
    },
    {
      "high_freq": 1457.5709228515625,
      "loudness": -23.555282592773438,
      "loudness_range": 13.528956413269043,
      "low_freq": 794.6976318359375,
      "mid_mean": -21.27459716796875,
      "mid_to_side_loudness": -5.885760307312012,
      "mid_to_side_loudness_range": 15.322352409362793,
      "side_mean": -27.355791091918945
    },
    {
      "high_freq": 2549.74365234375,
      "loudness": -19.70644760131836,
      "loudness_range": 10.670753479003906,
      "low_freq": 1457.5709228515625,
      "mid_mean": -17.464754104614258,
      "mid_to_side_loudness": -5.1622796058654785,
      "mid_to_side_loudness_range": 12.004196166992188,
      "side_mean": -22.78363037109375
    },
    {
      "high_freq": 4349.24462890625,
      "loudness": -19.786617279052734,
      "loudness_range": 10.356270790100098,
      "low_freq": 2549.74365234375,
      "mid_mean": -17.71337890625,
      "mid_to_side_loudness": -4.263886451721191,
      "mid_to_side_loudness_range": 9.357535362243652,
      "side_mean": -22.00046157836914
    },
    {
      "high_freq": 7314.1640625,
      "loudness": -26.360570907592773,
      "loudness_range": 11.649473190307617,
      "low_freq": 4349.24462890625,
      "mid_mean": -24.19001007080078,
      "mid_to_side_loudness": -4.512028694152832,
      "mid_to_side_loudness_range": 8.851286888122559,
      "side_mean": -28.736085891723633
    },
    {
      "high_freq": 12199.2666015625,
      "loudness": -30.238750457763672,
      "loudness_range": 14.468307495117188,
      "low_freq": 7314.1640625,
      "mid_mean": -27.934587478637695,
      "mid_to_side_loudness": -5.460109233856201,
      "mid_to_side_loudness_range": 11.057991981506348,
      "side_mean": -33.42287826538086
    },
    {
      "loudness": -35.27391815185547,
      "loudness_range": 18.0408935546875,
      "low_freq": 12199.2666015625,
      "mid_mean": -33.04465866088867,
      "mid_to_side_loudness": -5.086735248565674,
      "mid_to_side_loudness_range": 10.838136672973633,
      "side_mean": -38.23198699951172
    }
  ],
  "channels": 2,
  "covariance": [
    [
      17.00566864013672,
      2.2782795429229736,
      3.6139743328094482,
      2.642085075378418,
      1.909940242767334,
      4.504738807678223,
      0.29007837176322937,
      3.835486650466919,
      2.435159206390381,
      5.53043270111084,
      3.8046810626983643,
      5.760476589202881,
      3.151439666748047,
      3.4655637741088867,
      0.8044076561927795,
      2.3615643978118896,
      2.3235888481140137,
      2.292966604232788
    ],
    [
      2.2782795429229736,
      9.858933448791504,
      -0.36194872856140137,
      0.5343919992446899,
      0.27227357029914856,
      -0.34154221415519714,
      -0.6956790685653687,
      -0.28879278898239136,
      -0.31731167435646057,
      0.7414708137512207,
      0.14807526767253876,
      1.190439224243164,
      0.6596178412437439,
      1.0587157011032104,
      0.37758463621139526,
      0.9480142593383789,
      0.7307723760604858,
      0.2765449583530426
    ],
    [
      3.6139743328094482,
      -0.36194872856140137,
      8.388970375061035,
      3.585376262664795,
      4.002906799316406,
      3.969214677810669,
      2.0292203426361084,
      4.571345806121826,
      2.1646833419799805,
      4.66568660736084,
      2.5160586833953857,
      4.826681613922119,
      1.7538721561431885,
      3.7448174953460693,
      2.4876880645751953,
      1.6776646375656128,
      2.591109275817871,
      2.2470738887786865
    ],
    [
      2.642085075378418,
      0.5343919992446899,
      3.585376262664795,
      6.1610426902771,
      2.8286986351013184,
      3.1594860553741455,
      1.6077762842178345,
      2.8957574367523193,
      1.7489062547683716,
      2.4682860374450684,
      0.3617035150527954,
      1.8399102687835693,
      0.4933301508426666,
      2.347957134246826,
      0.489676296710968,
      1.4224928617477417,
      0.2858748137950897,
      1.09487783908844
    ],
    [
      1.909940242767334,
      0.27227357029914856,
      4.002906799316406,
      2.8286986351013184,
      13.975282669067383,
      4.536317825317383,
      5.254021644592285,
      2.7433698177337646,
      2.755814790725708,
      1.7959082126617432,
      0.17800499498844147,
      0.9863256812095642,
      -0.0786474198102951,
      2.196183681488037,
      3.382080316543579,
      0.8924452066421509,
      2.375018835067749,
      2.0604302883148193
    ],
    [
      4.504738807678223,
      -0.34154221415519714,
      3.969214677810669,
      3.1594860553741455,
      4.536317825317383,
      7.590272903442383,
      2.4411861896514893,
      3.768265724182129,
      2.3977015018463135,
      3.2181034088134766,
      1.5194751024246216,
      2.124018669128418,
      1.7030218839645386,
      2.2800002098083496,
      1.2742483615875244,
      1.0953829288482666,
      1.199004054069519,
      1.4311459064483643
    ],
    [
      0.29007837176322937,
      -0.6956790685653687,
      2.0292203426361084,
      1.6077762842178345,
      5.254021644592285,
      2.4411861896514893,
      19.142574310302734,
      4.4213948249816895,
      7.572455883026123,
      2.000077724456787,
      0.8773608207702637,
      2.026857376098633,
      -0.39330413937568665,
      2.065314769744873,
      -0.7507044672966003,
      0.5637257099151611,
      0.005044605117291212,
      1.3541349172592163
    ],
    [
      3.835486650466919,
      -0.28879278898239136,
      4.571345806121826,
      2.8957574367523193,
      2.7433698177337646,
      3.768265724182129,
      4.4213948249816895,
      7.497796058654785,
      3.9592671394348145,
      6.407863140106201,
      3.3466720581054688,
      6.689635276794434,
      2.427501678466797,
      4.0393452644348145,
      1.6491472721099854,
      1.9085417985916138,
      3.3692071437835693,
      2.278536319732666
    ],
    [
      2.435159206390381,
      -0.31731167435646057,
      2.1646833419799805,
      1.7489062547683716,
      2.755814790725708,
      2.3977015018463135,
      7.572455883026123,
      3.9592671394348145,
      11.763351440429688,
      6.008022308349609,
      5.339987277984619,
      6.278922080993652,
      3.4407970905303955,
      3.7527730464935303,
      -0.30643555521965027,
      1.7801998853683472,
      2.060534954071045,
      2.2825324535369873
    ],
    [
      5.53043270111084,
      0.7414708137512207,
      4.66568660736084,
      2.4682860374450684,
      1.7959082126617432,
      3.2181034088134766,
      2.000077724456787,
      6.407863140106201,
      6.008022308349609,
      13.331158638000488,
      6.994194507598877,
      13.299139976501465,
      5.588438034057617,
      7.18505334854126,
      3.200469732284546,
      3.903759002685547,
      7.85354471206665,
      4.95084285736084
    ],
    [
      3.8046810626983643,
      0.14807526767253876,
      2.5160586833953857,
      0.3617035150527954,
      0.17800499498844147,
      1.5194751024246216,
      0.8773608207702637,
      3.3466720581054688,
      5.339987277984619,
      6.994194507598877,
      9.871993064880371,
      9.342659950256348,
      6.421743392944336,
      5.093489646911621,
      2.5541396141052246,
      3.062378406524658,
      5.29227876663208,
      3.4348323345184326
    ],
    [
      5.760476589202881,
      1.190439224243164,
      4.826681613922119,
      1.8399102687835693,
      0.9863256812095642,
      2.124018669128418,
      2.026857376098633,
      6.689635276794434,
      6.278922080993652,
      13.299139976501465,
      9.342659950256348,
      18.56080436706543,
      8.280056953430176,
      11.379199028015137,
      5.055023670196533,
      6.476321697235107,
      9.813667297363281,
      6.146107196807861
    ],
    [
      3.151439666748047,
      0.6596178412437439,
      1.7538721561431885,
      0.4933301508426666,
      -0.0786474198102951,
      1.7030218839645386,
      -0.39330413937568665,
      2.427501678466797,
      3.4407970905303955,
      5.588438034057617,
      6.421743392944336,
      8.280056953430176,
      11.193802833557129,
      7.741520881652832,
      5.29905891418457,
      4.422391891479492,
      5.788570880889893,
      2.993877410888672
    ],
    [
      3.4655637741088867,
      1.0587157011032104,
      3.7448174953460693,
      2.347957134246826,
      2.196183681488037,
      2.2800002098083496,
      2.065314769744873,
      4.0393452644348145,
      3.7527730464935303,
      7.18505334854126,
      5.093489646911621,
      11.379199028015137,
      7.741520881652832,
      12.498441696166992,
      5.018188953399658,
      7.053652763366699,
      5.696005821228027,
      5.18233585357666
    ],
    [
      0.8044076561927795,
      0.37758463621139526,
      2.4876880645751953,
      0.489676296710968,
      3.382080316543579,
      1.2742483615875244,
      -0.7507044672966003,
      1.6491472721099854,
      -0.30643555521965027,
      3.200469732284546,
      2.5541396141052246,
      5.055023670196533,
      5.29905891418457,
      5.018188953399658,
      14.49228572845459,
      4.886795997619629,
      12.0043306350708,
      4.946468353271484
    ],
    [
      2.3615643978118896,
      0.9480142593383789,
      1.6776646375656128,
      1.4224928617477417,
      0.8924452066421509,
      1.0953829288482666,
      0.5637257099151611,
      1.9085417985916138,
      1.7801998853683472,
      3.903759002685547,
      3.062378406524658,
      6.476321697235107,
      4.422391891479492,
      7.053652763366699,
      4.886795997619629,
      8.212690353393555,
      6.0502824783325195,
      7.192598819732666
    ],
    [
      2.3235888481140137,
      0.7307723760604858,
      2.591109275817871,
      0.2858748137950897,
      2.375018835067749,
      1.199004054069519,
      0.005044605117291212,
      3.3692071437835693,
      2.060534954071045,
      7.85354471206665,
      5.29227876663208,
      9.813667297363281,
      5.788570880889893,
      5.696005821228027,
      12.0043306350708,
      6.0502824783325195,
      17.872249603271484,
      9.217072486877441
    ],
    [
      2.292966604232788,
      0.2765449583530426,
      2.2470738887786865,
      1.09487783908844,
      2.0604302883148193,
      1.4311459064483643,
      1.3541349172592163,
      2.278536319732666,
      2.2825324535369873,
      4.95084285736084,
      3.4348323345184326,
      6.146107196807861,
      2.993877410888672,
      5.18233585357666,
      4.946468353271484,
      7.192598819732666,
      9.217072486877441,
      10.902199745178223
    ]
  ],
  "covariance_short": [
    [
      29.476930618286133,
      5.126769542694092,
      6.502892017364502,
      3.891403913497925,
      2.4251856803894043,
      4.415970325469971,
      0.3003157675266266,
      4.348732948303223,
      3.7488248348236084,
      6.077286720275879,
      5.187676429748535,
      6.932875156402588,
      3.953852653503418,
      4.177793025970459,
      2.9499711990356445,
      4.709754467010498,
      4.941525936126709,
      5.333868503570557
    ],
    [
      5.126769542694092,
      29.83617401123047,
      1.7006373405456543,
      3.8098864555358887,
      2.5732290744781494,
      0.4644052982330322,
      -0.5342922210693359,
      0.7469386458396912,
      0.16882404685020447,
      2.2255921363830566,
      0.7968360781669617,
      3.2465872764587402,
      1.1411179304122925,
      3.0642826557159424,
      2.3906681537628174,
      3.2942893505096436,
      3.894404888153076,
      4.285131931304932
    ],
    [
      6.502892017364502,
      1.7006373405456543,
      14.508560180664062,
      5.178427219390869,
      6.487863540649414,
      5.741870403289795,
      3.779446601867676,
      5.434719085693359,
      3.3777871131896973,
      5.481754302978516,
      3.7189669609069824,
      5.625334739685059,
      3.992734670639038,
      5.401364803314209,
      4.745010852813721,
      5.719963073730469,
      6.118987083435059,
      6.808650970458984
    ],
    [
      3.891403913497925,
      3.8098864555358887,
      5.178427219390869,
      10.057723045349121,
      3.8074073791503906,
      3.2724409103393555,
      2.304182291030884,
      2.672900438308716,
      1.4759098291397095,
      1.672062635421753,
      0.737586259841919,
      1.6989935636520386,
      1.8560701608657837,
      3.116293430328369,
      2.7652370929718018,
      4.715485572814941,
      3.415076494216919,
      5.122780799865723
    ],
    [
      2.4251856803894043,
      2.5732290744781494,
      6.487863540649414,
      3.8074073791503906,
      23.68467903137207,
      7.521538257598877,
      8.56891918182373,
      4.7631402015686035,
      4.776467323303223,
      2.7522592544555664,
      2.7607851028442383,
      1.8092180490493774,
      2.8667221069335938,
      4.475112438201904,
      7.892324924468994,
      5.888355255126953,
      6.691969871520996,
      7.8072190284729
    ],
    [
      4.415970325469971,
      0.4644052982330322,
      5.741870403289795,
      3.2724409103393555,
      7.521538257598877,
      12.044560432434082,
      4.186363220214844,
      4.8861284255981445,
      3.2285842895507812,
      3.3295819759368896,
      2.054900884628296,
      2.3114771842956543,
      2.670196533203125,
      3.2400689125061035,
      3.029738426208496,
      3.4998886585235596,
      3.47475528717041,
      4.299384593963623
    ],
    [
      0.3003157675266266,
      -0.5342922210693359,
      3.779446601867676,
      2.304182291030884,
      8.56891918182373,
      4.186363220214844,
      30.808549880981445,
      6.867336273193359,
      13.738545417785645,
      3.1757936477661133,
      4.994549751281738,
      3.8529088497161865,
      4.679780960083008,
      4.833583354949951,
      3.6533689498901367,
      4.901764869689941,
      3.2465784549713135,
      6.391709327697754
    ],
    [
      4.348732948303223,
      0.7469386458396912,
      5.434719085693359,
      2.672900438308716,
      4.7631402015686035,
      4.8861284255981445,
      6.867336273193359,
      11.317989349365234,
      5.302376747131348,
      7.202593803405762,
      4.488450050354004,
      7.761529922485352,
      3.9950592517852783,
      5.885199069976807,
      3.7934632301330566,
      4.571511745452881,
      6.022665977478027,
      5.580946445465088
    ],
    [
      3.7488248348236084,
      0.16882404685020447,
      3.3777871131896973,
      1.4759098291397095,
      4.776467323303223,
      3.2285842895507812,
      13.738545417785645,
      5.302376747131348,
      20.090381622314453,
      8.013623237609863,
      9.65457534790039,
      8.93010139465332,
      8.117703437805176,
      6.662342548370361,
      2.6206653118133545,
      5.049324989318848,
      4.694766521453857,
      6.541156768798828
    ],
    [
      6.077286720275879,
      2.2255921363830566,
      5.481754302978516,
      1.672062635421753,
      2.7522592544555664,
      3.3295819759368896,
      3.1757936477661133,
      7.202593803405762,
      8.013623237609863,
      15.877461433410645,
      8.870590209960938,
      15.125452995300293,
      7.357064247131348,
      9.70513916015625,
      5.26975679397583,
      6.470251560211182,
      10.312849044799805,
      8.250015258789062
    ],
    [
      5.187676429748535,
      0.7968360781669617,
      3.7189669609069824,
      0.737586259841919,
      2.7607851028442383,
      2.054900884628296,
      4.994549751281738,
      4.488450050354004,
      9.65457534790039,
      8.870590209960938,
      15.676567077636719,
      12.777485847473145,
      10.902213096618652,
      8.704805374145508,
      6.355749607086182,
      7.107185363769531,
      9.085511207580566,
      8.227675437927246
    ],
    [
      6.932875156402588,
      3.2465872764587402,
      5.625334739685059,
      1.6989935636520386,
      1.8092180490493774,
      2.3114771842956543,
      3.8529088497161865,
      7.761529922485352,
      8.93010139465332,
      15.125452995300293,
      12.777485847473145,
      22.863122940063477,
      11.445119857788086,
      15.823832511901855,
      8.633490562438965,
      11.324968338012695,
      14.121947288513184,
      12.12897777557373
    ],
    [
      3.953852653503418,
      1.1411179304122925,
      3.992734670639038,
      1.8560701608657837,
      2.8667221069335938,
      2.670196533203125,
      4.679780960083008,
      3.9950592517852783,
      8.117703437805176,
      7.357064247131348,
      10.902213096618652,
      11.445119857788086,
      19.45861053466797,
      13.228257179260254,
      12.498977661132812,
      12.218002319335938,
      13.428316116333008,
      11.570828437805176
    ],
    [
      4.177793025970459,
      3.0642826557159424,
      5.401364803314209,
      3.116293430328369,
      4.475112438201904,
      3.2400689125061035,
      4.833583354949951,
      5.885199069976807,
      6.662342548370361,
      9.70513916015625,
      8.704805374145508,
      15.823832511901855,
      13.228257179260254,
      20.19965171813965,
      11.890986442565918,
      17.028398513793945,
      13.7415132522583,
      15.968923568725586
    ],
    [
      2.9499711990356445,
      2.3906681537628174,
      4.745010852813721,
      2.7652370929718018,
      7.892324924468994,
      3.029738426208496,
      3.6533689498901367,
      3.7934632301330566,
      2.6206653118133545,
      5.26975679397583,
      6.355749607086182,
      8.633490562438965,
      12.498977661132812,
      11.890986442565918,
      28.744571685791016,
      18.219757080078125,
      27.435495376586914,
      20.547592163085938
    ],
    [
      4.709754467010498,
      3.2942893505096436,
      5.719963073730469,
      4.715485572814941,
      5.888355255126953,
      3.4998886585235596,
      4.901764869689941,
      4.571511745452881,
      5.049324989318848,
      6.470251560211182,
      7.107185363769531,
      11.324968338012695,
      12.218002319335938,
      17.028398513793945,
      18.219757080078125,
      28.0983943939209,
      21.28788185119629,
      28.989912033081055
    ],
    [
      4.941525936126709,
      3.894404888153076,
      6.118987083435059,
      3.415076494216919,
      6.691969871520996,
      3.47475528717041,
      3.2465784549713135,
      6.022665977478027,
      4.694766521453857,
      10.312849044799805,
      9.085511207580566,
      14.121947288513184,
      13.428316116333008,
      13.7415132522583,
      27.435495376586914,
      21.28788185119629,
      41.39961624145508,
      31.443025588989258
    ],
    [
      5.333868503570557,
      4.285131931304932,
      6.808650970458984,
      5.122780799865723,
      7.8072190284729,
      4.299384593963623,
      6.391709327697754,
      5.580946445465088,
      6.541156768798828,
      8.250015258789062,
      8.227675437927246,
      12.12897777557373,
      11.570828437805176,
      15.968923568725586,
      20.547592163085938,
      28.989912033081055,
      31.443025588989258,
      41.95870590209961
    ]
  ],
  "drr": 16.015199661254883,
  "dynamics": 1.6630749702453613,
  "format": 1245190,
  "frames": 13170688,
  "loudness": -7.994658470153809,
  "loudness_range": 3.1972689628601074,
  "loudness_range_short": 5.322465419769287,
  "peak": -0.0021208373364061117,
  "rms": -11.010059356689453,
  "sample_rate": 44100,
  "sections": 1,
  "seekable": 1,
  "sharpness": 1.7409801483154297,
  "space": -7.738080978393555
}