{
  "bands": [
    {
      "high_freq": 148.1999969482422,
      "loudness": -28.900798797607422,
      "loudness_range": 13.851362228393555,
      "mid_mean": -26.385356903076172,
      "mid_to_side_loudness": -6.7041239738464355,
      "mid_to_side_loudness_range": 13.448678970336914,
      "side_mean": -33.20948791503906
    },
    {
      "high_freq": 392.3793640136719,
      "loudness": -25.611539840698242,
      "loudness_range": 10.802364349365234,
      "low_freq": 148.1999969482422,
      "mid_mean": -24.83057403564453,
      "mid_to_side_loudness": -1.0924965143203735,
      "mid_to_side_loudness_range": 11.862614631652832,
      "side_mean": -25.94001579284668
    },
    {
      "high_freq": 794.6976318359375,
      "loudness": -29.43479347229004,
      "loudness_range": 17.22922706604004,
      "low_freq": 392.3793640136719,
      "mid_mean": -27.107942581176758,
      "mid_to_side_loudness": -5.5842156410217285,
      "mid_to_side_loudness_range": 12.821268081665039,
      "side_mean": -32.837825775146484
    },
    {
      "high_freq": 1457.5709228515625,
      "loudness": -34.192623138427734,
      "loudness_range": 22.587793350219727,
      "low_freq": 794.6976318359375,
      "mid_mean": -32.021270751953125,
      "mid_to_side_loudness": -4.881808280944824,
      "mid_to_side_loudness_range": 11.928749084472656,
      "side_mean": -36.984474182128906
    },
    {
      "high_freq": 2549.74365234375,
      "loudness": -36.17306900024414,
      "loudness_range": 26.902374267578125,
      "low_freq": 1457.5709228515625,
      "mid_mean": -33.72295379638672,
      "mid_to_side_loudness": -5.795727729797363,
      "mid_to_side_loudness_range": 11.25349235534668,
      "side_mean": -39.79433059692383
    },
    {
      "high_freq": 4349.24462890625,
      "loudness": -39.47626876831055,
      "loudness_range": 27.470144271850586,
      "low_freq": 2549.74365234375,
      "mid_mean": -36.894500732421875,
      "mid_to_side_loudness": -5.928797245025635,
      "mid_to_side_loudness_range": 11.036871910095215,
      "side_mean": -43.986873626708984
    },
    {
      "high_freq": 7314.1640625,
      "loudness": -45.05704116821289,
      "loudness_range": 24.928077697753906,
      "low_freq": 4349.24462890625,
      "mid_mean": -43.307281494140625,
      "mid_to_side_loudness": -5.569460868835449,
      "mid_to_side_loudness_range": 9.935970306396484,
      "side_mean": -51.115699768066406
    },
    {
      "high_freq": 12199.2666015625,
      "loudness": -49.1622314453125,
      "loudness_range": 27.816524505615234,
      "low_freq": 7314.1640625,
      "mid_mean": -50.33759307861328,
      "mid_to_side_loudness": -6.769973278045654,
      "mid_to_side_loudness_range": 10.052177429199219,
      "side_mean": -56.36874008178711
    },
    {
      "loudness": -62.2470588684082,
      "loudness_range": 25.08576202392578,
      "low_freq": 12199.2666015625,
      "mid_mean": -58.350955963134766,
      "mid_to_side_loudness": -9.492866516113281,
      "mid_to_side_loudness_range": 12.898722648620605,
      "side_mean": -65.77448272705078
    }
  ],
  "bands_short": [
    {
      "high_freq": 148.1999969482422,
      "loudness": -32.68960189819336,
      "loudness_range": 18.667726516723633,
      "mid_mean": -30.14997673034668,
      "mid_to_side_loudness": -7.927262783050537,
      "mid_to_side_loudness_range": 18.602893829345703,
      "side_mean": -38.35959243774414
    },
    {
      "high_freq": 392.3793640136719,
      "loudness": -25.13263702392578,
      "loudness_range": 11.536657333374023,
      "low_freq": 148.1999969482422,
      "mid_mean": -24.092042922973633,
      "mid_to_side_loudness": -1.6776272058486938,
      "mid_to_side_loudness_range": 11.40809440612793,
      "side_mean": -25.78310775756836
    },
    {
      "high_freq": 794.6976318359375,
      "loudness": -29.786121368408203,
      "loudness_range": 18.64387321472168,
      "low_freq": 392.3793640136719,
      "mid_mean": -27.708290100097656,
      "mid_to_side_loudness": -5.186328411102295,
      "mid_to_side_loudness_range": 14.896652221679688,
      "side_mean": -33.01158905029297
    },
    {
      "high_freq": 1457.5709228515625,
      "loudness": -34.69993209838867,
      "loudness_range": 24.01178741455078,
      "low_freq": 794.6976318359375,
      "mid_mean": -32.8236198425293,
      "mid_to_side_loudness": -4.308310031890869,
      "mid_to_side_loudness_range": 13.930880546569824,
      "side_mean": -37.21565628051758
    },
    {
      "high_freq": 2549.74365234375,
      "loudness": -37.282222747802734,
      "loudness_range": 28.286745071411133,
      "low_freq": 1457.5709228515625,
      "mid_mean": -35.07353591918945,
      "mid_to_side_loudness": -5.231312274932861,
      "mid_to_side_loudness_range": 13.544404983520508,
      "side_mean": -40.604942321777344
    },
    {
      "high_freq": 4349.24462890625,
      "loudness": -40.224430084228516,
      "loudness_range": 29.2039794921875,
      "low_freq": 2549.74365234375,
      "mid_mean": -37.99517822265625,
      "mid_to_side_loudness": -5.329967975616455,
      "mid_to_side_loudness_range": 12.839813232421875,
      "side_mean": -44.41206359863281
    },
    {
      "high_freq": 7314.1640625,
      "loudness": -45.91261291503906,
      "loudness_range": 26.118968963623047,
      "low_freq": 4349.24462890625,
      "mid_mean": -44.817970275878906,
      "mid_to_side_loudness": -5.101236343383789,
      "mid_to_side_loudness_range": 11.391530990600586,
      "side_mean": -51.78997039794922
    },
    {
      "high_freq": 12199.2666015625,
      "loudness": -50.243045806884766,
      "loudness_range": 28.00766372680664,
      "low_freq": 7314.1640625,
      "mid_mean": -51.58697509765625,
      "mid_to_side_loudness": -6.194647312164307,
      "mid_to_side_loudness_range": 11.049917221069336,
      "side_mean": -57.00495147705078
    },
    {
      "loudness": -63.25422286987305,
      "loudness_range": 23.088558197021484,
      "low_freq": 12199.2666015625,
      "mid_mean": -59.35504913330078,
      "mid_to_side_loudness": -8.859457015991211,
      "mid_to_side_loudness_range": 13.674318313598633,
      "side_mean": -66.06700897216797
    }
  ],
  "channels": 2,
  "covariance": [
    [
      28.248523712158203,
      17.825626373291016,
      4.2410407066345215,
      8.882392883300781,
      8.943668365478516,
      11.032102584838867,
      11.395866394042969,
      11.139396667480469,
      11.47425365447998,
      12.95078182220459,
      7.660536766052246,
      10.74207592010498,
      7.731934547424316,
      12.784238815307617,
      8.098121643066406,
      7.9022932052612305,
      6.226900577545166,
      3.0877816677093506
    ],
    [
      17.825626373291016,
      32.77310562133789,
      3.6563720703125,
      9.808690071105957,
      7.57341194152832,
      10.776097297668457,
      11.262473106384277,
      11.481764793395996,
      13.926236152648926,
      14.324621200561523,
      11.02016830444336,
      13.780906677246094,
      8.742905616760254,
      14.131181716918945,
      11.220993041992188,
      9.65202522277832,
      7.073702812194824,
      3.1381211280822754
    ],
    [
      4.2410407066345215,
      3.6563720703125,
      17.037630081176758,
      10.506669044494629,
      11.830828666687012,
      9.476906776428223,
      12.724257469177246,
      11.14818286895752,
      19.637235641479492,
      16.042205810546875,
      18.97848892211914,
      19.601242065429688,
      16.59703826904297,
      23.40432357788086,
      25.479856491088867,
      19.017662048339844,
      13.72680377960205,
      4.843270301818848
    ],
    [
      8.882392883300781,
      9.808690071105957,
      10.506669044494629,
      20.45969581604004,
      14.442646980285645,
      16.915985107421875,
      17.68268585205078,
      18.1407527923584,
      22.943941116333008,
      22.9996395111084,
      18.28798484802246,
      22.270511627197266,
      16.396194458007812,
      24.70586585998535,
      20.165334701538086,
      17.56756019592285,
      10.852656364440918,
      5.121613025665283
    ],
    [
      8.943668365478516,
      7.57341194152832,
      11.830828666687012,
      14.442646980285645,
      42.26005554199219,
      24.99314308166504,
      39.14824295043945,
      26.039302825927734,
      44.190467834472656,
      34.52876663208008,
      39.306358337402344,
      38.75200271606445,
      32.916805267333984,
      43.38612747192383,
      48.44198989868164,
      37.485511779785156,
      24.15680694580078,
      7.991671085357666
    ],
    [
      11.032102584838867,
      10.776097297668457,
      9.476906776428223,
      16.915985107421875,
      24.99314308166504,
      27.289657592773438,
      27.461015701293945,
      24.5087947845459,
      32.526824951171875,
      30.508207321166992,
      25.558053970336914,
      30.545129776000977,
      21.557348251342773,
      34.117218017578125,
      29.501197814941406,
      25.053308486938477,
      14.653143882751465,
      5.79784631729126
    ],
    [
      11.395866394042969,
      11.262473106384277,
      12.724257469177246,
      17.68268585205078,
      39.14824295043945,
      27.461015701293945,
      63.88463592529297,
      39.45988845825195,
      53.99304962158203,
      42.75581359863281,
      48.483131408691406,
      47.93130874633789,
      38.61676788330078,
      51.50739288330078,
      56.56355285644531,
      43.65618896484375,
      24.953704833984375,
      7.566243648529053
    ],
    [
      11.139396667480469,
      11.481764793395996,
      11.14818286895752,
      18.1407527923584,
      26.039302825927734,
      24.5087947845459,
      39.45988845825195,
      32.869834899902344,
      39.51530838012695,
      35.78776168823242,
      32.74334716796875,
      36.82001495361328,
      27.967994689941406,
      40.932106018066406,
      37.8901252746582,
      31.44878578186035,
      18.254840850830078,
      6.890878677368164
    ],
    [
      11.47425365447998,
      13.926236152648926,
      19.637235641479492,
      22.943941116333008,
      44.190467834472656,
      32.526824951171875,
      53.99304962158203,
      39.51530838012695,
      91.63258361816406,
      63.89616012573242,
      76.19355010986328,
      71.39151000976562,
      63.27745056152344,
      73.02111053466797,
      80.8761978149414,
      62.85006332397461,
      45.340232849121094,
      16.05337142944336
    ],
    [
      12.95078182220459,
      14.324621200561523,
      16.042205810546875,
      22.9996395111084,
      34.52876663208008,
      30.508207321166992,
      42.75581359863281,
      35.78776168823242,
      63.89616012573242,
      55.24793243408203,
      50.424278259277344,
      54.01438522338867,
      43.624473571777344,
      58.660797119140625,
      55.83304214477539,
      45.72115707397461,
      31.19957160949707,
      11.978264808654785
    ],
    [
      7.660536766052246,
      11.02016830444336,
      18.97848892211914,
      18.28798484802246,
      39.306358337402344,
      25.558053970336914,
      48.483131408691406,
      32.74334716796875,
      76.19355010986328,
      50.424278259277344,
      96.66404724121094,
      70.83557891845703,
      77.02220153808594,
      69.43663787841797,
      86.86082458496094,
      66.23796844482422,
      47.57368469238281,
      16.391355514526367
    ],
    [
      10.74207592010498,
      13.780906677246094,
      19.601242065429688,
      22.270511627197266,
      38.75200271606445,
      30.545129776000977,
      47.93130874633789,
      36.82001495361328,
      71.39151000976562,
      54.01438522338867,
      70.83557891845703,
      71.95933532714844,
      59.569766998291016,
      70.3087158203125,
      73.52396392822266,
      58.73395919799805,
      39.796607971191406,
      14.489655494689941
    ],
    [
      7.731934547424316,
      8.742905616760254,
      16.59703826904297,
      16.396194458007812,
      32.916805267333984,
      21.557348251342773,
      38.61676788330078,
      27.967994689941406,
      63.27745056152344,
      43.624473571777344,
      77.02220153808594,
      59.569766998291016,
      91.62129974365234,
      72.30264282226562,
      90.66168975830078,
      71.90918731689453,
      56.35218048095703,
      22.341154098510742
    ],
    [
      12.784238815307617,
      14.131181716918945,
      23.40432357788086,
      24.70586585998535,
      43.38612747192383,
      34.117218017578125,
      51.50739288330078,
      40.932106018066406,
      73.02111053466797,
      58.660797119140625,
      69.43663787841797,
      70.3087158203125,
      72.30264282226562,
      94.2458724975586,
      97.1520004272461,
      78.64781188964844,
      55.586910247802734,
      22.586225509643555
    ],
    [
      8.098121643066406,
      11.220993041992188,
      25.479856491088867,
      20.165334701538086,
      48.44198989868164,
      29.501197814941406,
      56.56355285644531,
      37.8901252746582,
      80.8761978149414,
      55.83304214477539,
      86.86082458496094,
      73.52396392822266,
      90.66168975830078,
      97.1520004272461,
      141.89601135253906,
      106.20341491699219,
      79.78829193115234,
      30.505762100219727
    ],
    [
      7.9022932052612305,
      9.65202522277832,
      19.017662048339844,
      17.56756019592285,
      37.485511779785156,
      25.053308486938477,
      43.65618896484375,
      31.44878578186035,
      62.85006332397461,
      45.72115707397461,
      66.23796844482422,
      58.73395919799805,
      71.90918731689453,
      78.64781188964844,
      106.20341491699219,
      84.83950805664062,
      60.13138961791992,
      25.690683364868164
    ],
    [
      6.226900577545166,
      7.073702812194824,
      13.72680377960205,
      10.852656364440918,
      24.15680694580078,
      14.653143882751465,
      24.953704833984375,
      18.254840850830078,
      45.340232849121094,
      31.19957160949707,
      47.57368469238281,
      39.796607971191406,
      56.35218048095703,
      55.586910247802734,
      79.78829193115234,
      60.13138961791992,
      57.895294189453125,
      23.485549926757812
    ],
    [
      3.0877816677093506,
      3.1381211280822754,
      4.843270301818848,
      5.121613025665283,
      7.991671085357666,
      5.79784631729126,
      7.566243648529053,
      6.890878677368164,
      16.05337142944336,
      11.978264808654785,
      16.391355514526367,
      14.489655494689941,
      22.341154098510742,
      22.586225509643555,
      30.505762100219727,
      25.690683364868164,
      23.485549926757812,
      12.986166000366211
    ]
  ],
  "covariance_short": [
    [
      48.97867202758789,
      21.67595863342285,
      9.624905586242676,
      9.389211654663086,
      9.495205879211426,
      11.000811576843262,
      13.016890525817871,
      11.747557640075684,
      10.860658645629883,
      12.440974235534668,
      7.153940677642822,
      10.921942710876465,
      7.934669494628906,
      12.60876750946045,
      7.9335432052612305,
      7.701706409454346,
      5.0249857902526855,
      2.318220615386963
    ],
    [
      21.67595863342285,
      42.375946044921875,
      8.137408256530762,
      8.987069129943848,
      6.245087146759033,
      8.79135799407959,
      11.106849670410156,
      10.6159086227417,
      7.669589996337891,
      10.508143424987793,
      6.278003215789795,
      10.547196388244629,
      4.697486400604248,
      11.064695358276367,
      9.057640075683594,
      7.735576629638672,
      4.003262519836426,
      1.9448589086532593
    ],
    [
      9.624905586242676,
      8.137408256530762,
      18.927003860473633,
      12.54719352722168,
      13.883687973022461,
      11.866032600402832,
      14.737119674682617,
      12.920449256896973,
      20.408586502075195,
      17.997907638549805,
      18.829235076904297,
      20.142364501953125,
      16.389436721801758,
      22.330888748168945,
      21.030860900878906,
      16.219995498657227,
      10.139945983886719,
      3.723285436630249
    ],
    [
      9.389211654663086,
      8.987069129943848,
      12.54719352722168,
      22.474624633789062,
      15.654425621032715,
      17.897733688354492,
      19.111038208007812,
      19.24260139465332,
      24.135488510131836,
      24.008943557739258,
      19.648284912109375,
      23.460901260375977,
      18.177234649658203,
      25.013132095336914,
      19.19759750366211,
      16.676597595214844,
      9.78642463684082,
      4.459639072418213
    ],
    [
      9.495205879211426,
      6.245087146759033,
      13.883687973022461,
      15.654425621032715,
      50.0012092590332,
      25.890552520751953,
      44.827999114990234,
      29.10596466064453,
      50.539424896240234,
      37.84897232055664,
      45.2487907409668,
      41.984527587890625,
      38.63836669921875,
      45.00099563598633,
      46.551029205322266,
      35.116798400878906,
      21.225881576538086,
      6.235304832458496
    ],
    [
      11.000811576843262,
      8.79135799407959,
      11.866032600402832,
      17.897733688354492,
      25.890552520751953,
      29.793607711791992,
      30.187070846557617,
      26.52510643005371,
      34.1855583190918,
      32.46857452392578,
      27.989917755126953,
      32.949588775634766,
      25.306150436401367,
      35.31291961669922,
      28.71434211730957,
      24.21310806274414,
      13.883432388305664,
      5.186091899871826
    ],
    [
      13.016890525817871,
      11.106849670410156,
      14.737119674682617,
      19.111038208007812,
      44.827999114990234,
      30.187070846557617,
      74.53764343261719,
      43.55445098876953,
      62.30462646484375,
      47.79679870605469,
      56.36810302734375,
      52.97160339355469,
      47.11539077758789,
      54.23720932006836,
      59.488677978515625,
      44.53969955444336,
      24.161584854125977,
      6.338322639465332
    ],
    [
      11.747557640075684,
      10.6159086227417,
      12.920449256896973,
      19.24260139465332,
      29.10596466064453,
      26.52510643005371,
      43.55445098876953,
      37.74771499633789,
      42.97251892089844,
      39.139076232910156,
      36.38312911987305,
      40.15962600708008,
      33.003353118896484,
      42.69583511352539,
      38.79751968383789,
      31.85784149169922,
      17.343061447143555,
      6.098793029785156
    ],
    [
      10.860658645629883,
      7.669589996337891,
      20.408586502075195,
      24.135488510131836,
      50.539424896240234,
      34.1855583190918,
      62.30462646484375,
      42.97251892089844,
      102.74715423583984,
      69.02030944824219,
      86.15794372558594,
      75.36564636230469,
      73.55972290039062,
      75.38085174560547,
      81.32612609863281,
      62.02460479736328,
      41.62227249145508,
      13.277667999267578
    ],
    [
      12.440974235534668,
      10.508143424987793,
      17.997907638549805,
      24.008943557739258,
      37.84897232055664,
      32.46857452392578,
      47.79679870605469,
      39.139076232910156,
      69.02030944824219,
      61.83864974975586,
      57.07167434692383,
      59.675167083740234,
      51.78654098510742,
      62.010169982910156,
      57.73948287963867,
      47.11511993408203,
      30.255573272705078,
      11.100826263427734
    ],
    [
      7.153940677642822,
      6.278003215789795,
      18.829235076904297,
      19.648284912109375,
      45.2487907409668,
      27.989917755126953,
      56.36810302734375,
      36.38312911987305,
      86.15794372558594,
      57.07167434692383,
      109.2977066040039,
      77.17494201660156,
      88.52379608154297,
      75.67976379394531,
      90.97343444824219,
      67.93135070800781,
      45.912872314453125,
      14.309277534484863
    ],
    [
      10.921942710876465,
      10.547196388244629,
      20.142364501953125,
      23.460901260375977,
      41.984527587890625,
      32.949588775634766,
      52.97160339355469,
      40.15962600708008,
      75.36564636230469,
      59.675167083740234,
      77.17494201660156,
      79.92154693603516,
      68.7567138671875,
      75.58203887939453,
      75.80663299560547,
      60.771644592285156,
      38.36000061035156,
      13.558168411254883
    ],
    [
      7.934669494628906,
      4.697486400604248,
      16.389436721801758,
      18.177234649658203,
      38.63836669921875,
      25.306150436401367,
      47.11539077758789,
      33.003353118896484,
      73.55972290039062,
      51.78654098510742,
      88.52379608154297,
      68.7567138671875,
      107.54657745361328,
      82.80318450927734,
      99.66399383544922,
      77.11971282958984,
      56.71852493286133,
      20.941225051879883
    ],
    [
      12.60876750946045,
      11.064695358276367,
      22.330888748168945,
      25.013132095336914,
      45.00099563598633,
      35.31291961669922,
      54.23720932006836,
      42.69583511352539,
      75.38085174560547,
      62.010169982910156,
      75.67976379394531,
      75.58203887939453,
      82.80318450927734,
      98.35893249511719,
      97.215576171875,
      79.59888458251953,
      51.85977554321289,
      21.242919921875
    ],
    [
      7.9335432052612305,
      9.057640075683594,
      21.030860900878906,
      19.19759750366211,
      46.551029205322266,
      28.71434211730957,
      59.488677978515625,
      38.79751968383789,
      81.32612609863281,
      57.73948287963867,
      90.97343444824219,
      75.80663299560547,
      99.66399383544922,
      97.215576171875,
      140.526123046875,
      104.2366714477539,
      72.8792724609375,
      26.98470115661621
    ],
    [
      7.701706409454346,
      7.735576629638672,
      16.219995498657227,
      16.676597595214844,
      35.116798400878906,
      24.21310806274414,
      44.53969955444336,
      31.85784149169922,
      62.02460479736328,
      47.11511993408203,
      67.93135070800781,
      60.771644592285156,
      77.11971282958984,
      79.59888458251953,
      104.2366714477539,
      85.37953186035156,
      53.91733932495117,
      23.508501052856445
    ],
    [
      5.0249857902526855,
      4.003262519836426,
      10.139945983886719,
      9.78642463684082,
      21.225881576538086,
      13.883432388305664,
      24.161584854125977,
      17.343061447143555,
      41.62227249145508,
      30.255573272705078,
      45.912872314453125,
      38.36000061035156,
      56.71852493286133,
      51.85977554321289,
      72.8792724609375,
      53.91733932495117,
      52.47379684448242,
      19.7404727935791
    ],
    [
      2.318220615386963,
      1.9448589086532593,
      3.723285436630249,
      4.459639072418213,
      6.235304832458496,
      5.186091899871826,
      6.338322639465332,
      6.098793029785156,
      13.277667999267578,
      11.100826263427734,
      14.309277534484863,
      13.558168411254883,
      20.941225051879883,
      21.242919921875,
      26.98470115661621,
      23.508501052856445,
      19.7404727935791,
      12.381556510925293
    ]
  ],
  "drr": 11.74867057800293,
  "dynamics": 3.903350591659546,
  "format": 1245190,
  "frames": 10934272,
  "loudness": -17.625381469726562,
  "loudness_range": 10.689589500427246,
  "loudness_range_short": 12.30705738067627,
  "peak": -0.09067440778017044,
  "rms": -18.81978988647461,
  "sample_rate": 44100,
  "sections": 1,
  "seekable": 1,
  "sharpness": 2.1639444828033447,
  "space": -4.674929141998291
}