{
  "bands": [
    {
      "high_freq": 148.1999969482422,
      "loudness": -39.82886505126953,
      "loudness_range": 23.113492965698242,
      "mid_mean": -38.21019744873047,
      "mid_to_side_loudness": -2.7595839500427246,
      "mid_to_side_loudness_range": 7.567458629608154,
      "side_mean": -40.6175651550293
    },
    {
      "high_freq": 392.3793640136719,
      "loudness": -33.114784240722656,
      "loudness_range": 16.787351608276367,
      "low_freq": 148.1999969482422,
      "mid_mean": -30.62959861755371,
      "mid_to_side_loudness": -6.7863688468933105,
      "mid_to_side_loudness_range": 13.726105690002441,
      "side_mean": -37.50935363769531
    },
    {
      "high_freq": 794.6976318359375,
      "loudness": -37.19883728027344,
      "loudness_range": 24.858469009399414,
      "low_freq": 392.3793640136719,
      "mid_mean": -34.112030029296875,
      "mid_to_side_loudness": -11.616943359375,
      "mid_to_side_loudness_range": 19.499460220336914,
      "side_mean": -46.095298767089844
    },
    {
      "high_freq": 1457.5709228515625,
      "loudness": -45.844764709472656,
      "loudness_range": 25.41461753845215,
      "low_freq": 794.6976318359375,
      "mid_mean": -42.699344635009766,
      "mid_to_side_loudness": -12.135833740234375,
      "mid_to_side_loudness_range": 19.478790283203125,
      "side_mean": -55.0024299621582
    },
    {
      "high_freq": 2549.74365234375,
      "loudness": -49.135353088378906,
      "loudness_range": 26.62921142578125,
      "low_freq": 1457.5709228515625,
      "mid_mean": -46.1987419128418,
      "mid_to_side_loudness": -10.379142761230469,
      "mid_to_side_loudness_range": 18.352251052856445,
      "side_mean": -56.49986267089844
    },
    {
      "high_freq": 4349.24462890625,
      "loudness": -55.52781677246094,
      "loudness_range": 20.057533264160156,
      "low_freq": 2549.74365234375,
      "mid_mean": -53.98905563354492,
      "mid_to_side_loudness": -3.00142765045166,
      "mid_to_side_loudness_range": 8.77527141571045,
      "side_mean": -56.584720611572266
    },
    {
      "high_freq": 7314.1640625,
      "loudness": -55.97356414794922,
      "loudness_range": 18.893360137939453,
      "low_freq": 4349.24462890625,
      "mid_mean": -55.52390670776367,
      "mid_to_side_loudness": -0.6633384823799133,
      "mid_to_side_loudness_range": 0.9035210609436035,
      "side_mean": -56.064247131347656
    },
    {
      "high_freq": 12199.2666015625,
      "loudness": -58.437957763671875,
      "loudness_range": 20.171283721923828,
      "low_freq": 7314.1640625,
      "mid_mean": -57.01865005493164,
      "mid_to_side_loudness": -0.6049010753631592,
      "mid_to_side_loudness_range": 1.0464951992034912,
      "side_mean": -57.56146240234375
    },
    {
      "loudness": -62.1879768371582,
      "loudness_range": 20.908950805664062,
      "low_freq": 12199.2666015625,
      "mid_mean": -60.32121658325195,
      "mid_to_side_loudness": -0.24765904247760773,
      "mid_to_side_loudness_range": 0.5143684148788452,
      "side_mean": -60.53697204589844
    }
  ],
  "bands_short": [
    {
      "high_freq": 148.1999969482422,
      "loudness": -44.54346466064453,
      "loudness_range": 28.30782699584961,
      "mid_mean": -43.071327209472656,
      "mid_to_side_loudness": -2.940979242324829,
      "mid_to_side_loudness_range": 11.579141616821289,
      "side_mean": -45.77443313598633
    },
    {
      "high_freq": 392.3793640136719,
      "loudness": -34.24477005004883,
      "loudness_range": 18.555831909179688,
      "low_freq": 148.1999969482422,
      "mid_mean": -31.997417449951172,
      "mid_to_side_loudness": -5.79649019241333,
      "mid_to_side_loudness_range": 13.999092102050781,
      "side_mean": -37.83300018310547
    },
    {
      "high_freq": 794.6976318359375,
      "loudness": -36.901058197021484,
      "loudness_range": 25.854982376098633,
      "low_freq": 392.3793640136719,
      "mid_mean": -33.93098449707031,
      "mid_to_side_loudness": -10.723098754882812,
      "mid_to_side_loudness_range": 19.974761962890625,
      "side_mean": -45.14375686645508
    },
    {
      "high_freq": 1457.5709228515625,
      "loudness": -47.15959167480469,
      "loudness_range": 27.106311798095703,
      "low_freq": 794.6976318359375,
      "mid_mean": -44.11968994140625,
      "mid_to_side_loudness": -11.598902702331543,
      "mid_to_side_loudness_range": 20.18733787536621,
      "side_mean": -55.75294494628906
    },
    {
      "high_freq": 2549.74365234375,
      "loudness": -50.53900146484375,
      "loudness_range": 28.29571533203125,
      "low_freq": 1457.5709228515625,
      "mid_mean": -47.736900329589844,
      "mid_to_side_loudness": -10.23238468170166,
      "mid_to_side_loudness_range": 18.930992126464844,
      "side_mean": -57.68613052368164
    },
    {
      "high_freq": 4349.24462890625,
      "loudness": -56.76399230957031,
      "loudness_range": 21.81338882446289,
      "low_freq": 2549.74365234375,
      "mid_mean": -55.07463836669922,
      "mid_to_side_loudness": -3.207367420196533,
      "mid_to_side_loudness_range": 10.055155754089355,
      "side_mean": -57.853553771972656
    },
    {
      "high_freq": 7314.1640625,
      "loudness": -57.7108039855957,
      "loudness_range": 21.193397521972656,
      "low_freq": 4349.24462890625,
      "mid_mean": -56.94818115234375,
      "mid_to_side_loudness": -0.7297311425209045,
      "mid_to_side_loudness_range": 1.5406087636947632,
      "side_mean": -57.54595947265625
    },
    {
      "high_freq": 12199.2666015625,
      "loudness": -60.320831298828125,
      "loudness_range": 24.71527099609375,
      "low_freq": 7314.1640625,
      "mid_mean": -58.33934783935547,
      "mid_to_side_loudness": -0.6409507989883423,
      "mid_to_side_loudness_range": 1.6303869485855103,
      "side_mean": -58.886287689208984
    },
    {
      "loudness": -63.987213134765625,
      "loudness_range": 21.795570373535156,
      "low_freq": 12199.2666015625,
      "mid_mean": -61.71599197387695,
      "mid_to_side_loudness": -0.23393726348876953,
      "mid_to_side_loudness_range": 1.1082278490066528,
      "side_mean": -61.90915298461914
    }
  ],
  "channels": 2,
  "covariance": [
    [
      66.11405944824219,
      63.80463790893555,
      14.99579906463623,
      23.993730545043945,
      13.251235961914062,
      20.192663192749023,
      14.398576736450195,
      21.63102149963379,
      12.52649211883545,
      16.687196731567383,
      15.97963809967041,
      15.776236534118652,
      16.11520004272461,
      15.979333877563477,
      16.33116912841797,
      16.27735710144043,
      14.883294105529785,
      14.65608024597168
    ],
    [
      63.80463790893555,
      71.04987335205078,
      13.345788955688477,
      22.435169219970703,
      11.240509033203125,
      20.18648338317871,
      12.270118713378906,
      20.8883056640625,
      10.509588241577148,
      14.754894256591797,
      13.911680221557617,
      13.130223274230957,
      13.17538070678711,
      13.04069995880127,
      13.812471389770508,
      13.88992691040039,
      13.250020980834961,
      13.066502571105957
    ],
    [
      14.99579906463623,
      13.345788955688477,
      37.355098724365234,
      26.212364196777344,
      27.04596519470215,
      16.37119483947754,
      31.44580078125,
      17.780662536621094,
      31.62212562561035,
      16.720542907714844,
      16.909040451049805,
      10.35641860961914,
      10.284483909606934,
      9.912256240844727,
      10.214771270751953,
      9.887351989746094,
      9.120697975158691,
      8.998492240905762
    ],
    [
      23.993730545043945,
      22.435169219970703,
      26.212364196777344,
      42.50012969970703,
      7.5024237632751465,
      16.02967643737793,
      7.899479389190674,
      16.541797637939453,
      8.392263412475586,
      13.415754318237305,
      10.501389503479004,
      11.534131050109863,
      11.147186279296875,
      11.186848640441895,
      11.149038314819336,
      11.235934257507324,
      9.819068908691406,
      9.75648307800293
    ],
    [
      13.251235961914062,
      11.240509033203125,
      27.04596519470215,
      7.5024237632751465,
      81.65530395507812,
      34.41937255859375,
      70.49335479736328,
      32.897254943847656,
      74.02146911621094,
      32.51552200317383,
      38.622398376464844,
      20.54332733154297,
      20.952171325683594,
      19.111967086791992,
      18.352420806884766,
      17.486509323120117,
      14.637761116027832,
      14.439719200134277
    ],
    [
      20.192663192749023,
      20.18648338317871,
      16.37119483947754,
      16.02967643737793,
      34.41937255859375,
      33.82353591918945,
      32.2346305847168,
      28.21808624267578,
      34.58142852783203,
      24.849857330322266,
      26.17167854309082,
      19.65609359741211,
      19.935861587524414,
      19.111919403076172,
      18.771291732788086,
      18.423646926879883,
      15.15544319152832,
      14.97308349609375
    ],
    [
      14.398576736450195,
      12.270118713378906,
      31.44580078125,
      7.899479389190674,
      70.49335479736328,
      32.2346305847168,
      86.23371124267578,
      40.94084930419922,
      80.66474151611328,
      38.40376663208008,
      45.48234558105469,
      26.015342712402344,
      26.702077865600586,
      24.555105209350586,
      23.416872024536133,
      22.194774627685547,
      18.307193756103516,
      18.055212020874023
    ],
    [
      21.63102149963379,
      20.8883056640625,
      17.780662536621094,
      16.541797637939453,
      32.897254943847656,
      28.21808624267578,
      40.94084930419922,
      40.819976806640625,
      40.73026657104492,
      35.006988525390625,
      37.692413330078125,
      30.924419403076172,
      31.543123245239258,
      30.491039276123047,
      28.08614158630371,
      27.27104377746582,
      22.045578002929688,
      21.77531623840332
    ],
    [
      12.52649211883545,
      10.509588241577148,
      31.62212562561035,
      8.392263412475586,
      74.02146911621094,
      34.58142852783203,
      80.66474151611328,
      40.73026657104492,
      91.181884765625,
      43.50814437866211,
      49.85198974609375,
      29.218841552734375,
      29.552152633666992,
      27.426742553710938,
      25.24335289001465,
      23.89449691772461,
      18.86894989013672,
      18.619962692260742
    ],
    [
      16.687196731567383,
      14.754894256591797,
      16.720542907714844,
      13.415754318237305,
      32.51552200317383,
      24.849857330322266,
      38.40376663208008,
      35.006988525390625,
      43.50814437866211,
      39.27244567871094,
      41.75007247924805,
      36.18964385986328,
      36.42605209350586,
      35.45042419433594,
      31.54835319519043,
      30.53999137878418,
      23.338830947875977,
      23.010066986083984
    ],
    [
      15.97963809967041,
      13.911680221557617,
      16.909040451049805,
      10.501389503479004,
      38.622398376464844,
      26.17167854309082,
      45.48234558105469,
      37.692413330078125,
      49.85198974609375,
      41.75007247924805,
      51.10306167602539,
      40.206886291503906,
      41.061946868896484,
      39.38970947265625,
      35.8197021484375,
      34.53846740722656,
      26.63663673400879,
      26.240358352661133
    ],
    [
      15.776236534118652,
      13.130223274230957,
      10.35641860961914,
      11.534131050109863,
      20.54332733154297,
      19.65609359741211,
      26.015342712402344,
      30.924419403076172,
      29.218841552734375,
      36.18964385986328,
      40.206886291503906,
      41.734352111816406,
      43.01448440551758,
      42.6124153137207,
      38.352535247802734,
      37.31342315673828,
      28.614397048950195,
      28.184877395629883
    ],
    [
      16.11520004272461,
      13.17538070678711,
      10.284483909606934,
      11.147186279296875,
      20.952171325683594,
      19.935861587524414,
      26.702077865600586,
      31.543123245239258,
      29.552152633666992,
      36.42605209350586,
      41.061946868896484,
      43.01448440551758,
      46.5526123046875,
      46.08161926269531,
      42.52847671508789,
      41.38288879394531,
      33.4468879699707,
      32.934776306152344
    ],
    [
      15.979333877563477,
      13.04069995880127,
      9.912256240844727,
      11.186848640441895,
      19.111967086791992,
      19.111919403076172,
      24.555105209350586,
      30.491039276123047,
      27.426742553710938,
      35.45042419433594,
      39.38970947265625,
      42.6124153137207,
      46.08161926269531,
      45.95866775512695,
      42.30241012573242,
      41.25360870361328,
      33.4360466003418,
      32.935020446777344
    ],
    [
      16.33116912841797,
      13.812471389770508,
      10.214771270751953,
      11.149038314819336,
      18.352420806884766,
      18.771291732788086,
      23.416872024536133,
      28.08614158630371,
      25.24335289001465,
      31.54835319519043,
      35.8197021484375,
      38.352535247802734,
      42.52847671508789,
      42.30241012573242,
      42.56930160522461,
      41.68547821044922,
      35.504764556884766,
      34.95934295654297
    ],
    [
      16.27735710144043,
      13.88992691040039,
      9.887351989746094,
      11.235934257507324,
      17.486509323120117,
      18.423646926879883,
      22.194774627685547,
      27.27104377746582,
      23.89449691772461,
      30.53999137878418,
      34.53846740722656,
      37.31342315673828,
      41.38288879394531,
      41.25360870361328,
      41.68547821044922,
      40.963706970214844,
      34.97766876220703,
      34.46075439453125
    ],
    [
      14.883294105529785,
      13.250020980834961,
      9.120697975158691,
      9.819068908691406,
      14.637761116027832,
      15.15544319152832,
      18.307193756103516,
      22.045578002929688,
      18.86894989013672,
      23.338830947875977,
      26.63663673400879,
      28.614397048950195,
      33.4468879699707,
      33.4360466003418,
      35.504764556884766,
      34.97766876220703,
      34.69578170776367,
      34.22452163696289
    ],
    [
      14.65608024597168,
      13.066502571105957,
      8.998492240905762,
      9.75648307800293,
      14.439719200134277,
      14.97308349609375,
      18.055212020874023,
      21.77531623840332,
      18.619962692260742,
      23.010066986083984,
      26.240358352661133,
      28.184877395629883,
      32.934776306152344,
      32.935020446777344,
      34.95934295654297,
      34.46075439453125,
      34.22452163696289,
      33.779476165771484
    ]
  ],
  "covariance_short": [
    [
      93.02959442138672,
      84.20234680175781,
      28.716535568237305,
      39.74516677856445,
      13.09665584564209,
      19.39604949951172,
      14.978294372558594,
      22.33090591430664,
      13.73355484008789,
      17.236116409301758,
      16.299726486206055,
      16.221635818481445,
      16.441726684570312,
      16.2486629486084,
      17.001638412475586,
      16.832944869995117,
      14.902430534362793,
      14.662227630615234
    ],
    [
      84.20234680175781,
      95.20783996582031,
      27.46129035949707,
      40.884857177734375,
      9.70971965789795,
      18.88924789428711,
      11.223160743713379,
      21.396291732788086,
      10.074564933776855,
      15.025965690612793,
      13.567523002624512,
      14.094866752624512,
      14.16378116607666,
      14.137520790100098,
      15.127220153808594,
      15.101104736328125,
      14.02957534790039,
      13.828940391540527
    ],
    [
      28.716535568237305,
      27.46129035949707,
      43.036216735839844,
      34.05849075317383,
      29.760169982910156,
      22.507402420043945,
      31.390989303588867,
      21.756542205810547,
      31.809608459472656,
      18.630510330200195,
      18.248435974121094,
      10.988335609436035,
      10.703617095947266,
      10.140338897705078,
      10.567505836486816,
      10.238140106201172,
      8.975212097167969,
      8.807351112365723
    ],
    [
      39.74516677856445,
      40.884857177734375,
      34.05849075317383,
      53.55107498168945,
      8.739401817321777,
      20.515010833740234,
      9.442214012145996,
      20.962831497192383,
      8.910252571105957,
      14.249085426330566,
      10.45106029510498,
      10.942364692687988,
      10.302019119262695,
      10.205968856811523,
      10.014259338378906,
      10.038257598876953,
      8.44047737121582,
      8.336380958557129
    ],
    [
      13.09665584564209,
      9.70971965789795,
      29.760169982910156,
      8.739401817321777,
      87.57929992675781,
      38.87450408935547,
      76.05101013183594,
      34.6740837097168,
      79.33509826660156,
      34.40320587158203,
      40.580596923828125,
      19.487478256225586,
      19.738937377929688,
      17.35945701599121,
      17.863542556762695,
      16.795927047729492,
      13.677718162536621,
      13.39189624786377
    ],
    [
      19.39604949951172,
      18.88924789428711,
      22.507402420043945,
      20.515010833740234,
      38.87450408935547,
      41.526668548583984,
      37.33049392700195,
      30.107215881347656,
      38.50985336303711,
      26.039499282836914,
      26.982601165771484,
      19.22469139099121,
      19.570594787597656,
      18.51214599609375,
      18.764490127563477,
      18.257766723632812,
      14.450130462646484,
      14.194665908813477
    ],
    [
      14.978294372558594,
      11.223160743713379,
      31.390989303588867,
      9.442214012145996,
      76.05101013183594,
      37.33049392700195,
      93.59606170654297,
      44.42259216308594,
      87.81951141357422,
      41.276611328125,
      48.233551025390625,
      25.518430709838867,
      25.88376235961914,
      23.133026123046875,
      23.064579010009766,
      21.682918548583984,
      17.293495178222656,
      16.97277069091797
    ],
    [
      22.33090591430664,
      21.396291732788086,
      21.756542205810547,
      20.962831497192383,
      34.6740837097168,
      30.107215881347656,
      44.42259216308594,
      45.49465560913086,
      44.048072814941406,
      36.746761322021484,
      38.92357635498047,
      30.754045486450195,
      31.270172119140625,
      29.902732849121094,
      28.25814437866211,
      27.355052947998047,
      21.81414794921875,
      21.484567642211914
    ],
    [
      13.73355484008789,
      10.074564933776855,
      31.809608459472656,
      8.910252571105957,
      79.33509826660156,
      38.50985336303711,
      87.81951141357422,
      44.048072814941406,
      101.19708251953125,
      48.08836364746094,
      54.530941009521484,
      29.892526626586914,
      30.118654251098633,
      27.255538940429688,
      26.555959701538086,
      24.954191207885742,
      19.343746185302734,
      18.967777252197266
    ],
    [
      17.236116409301758,
      15.025965690612793,
      18.630510330200195,
      14.249085426330566,
      34.40320587158203,
      26.039499282836914,
      41.276611328125,
      36.746761322021484,
      48.08836364746094,
      41.62751007080078,
      43.63542556762695,
      35.912960052490234,
      36.28889846801758,
      34.901611328125,
      32.19773483276367,
      31.026288986206055,
      23.946813583374023,
      23.528783798217773
    ],
    [
      16.299726486206055,
      13.567523002624512,
      18.248435974121094,
      10.45106029510498,
      40.580596923828125,
      26.982601165771484,
      48.233551025390625,
      38.92357635498047,
      54.530941009521484,
      43.63542556762695,
      54.69723129272461,
      41.10596466064453,
      41.989662170410156,
      39.758750915527344,
      37.53445053100586,
      36.049468994140625,
      27.866243362426758,
      27.347389221191406
    ],
    [
      16.221635818481445,
      14.094866752624512,
      10.988335609436035,
      10.942364692687988,
      19.487478256225586,
      19.22469139099121,
      25.518430709838867,
      30.754045486450195,
      29.892526626586914,
      35.912960052490234,
      41.10596466064453,
      42.30976867675781,
      43.86531448364258,
      43.3082389831543,
      40.39168167114258,
      39.270477294921875,
      30.418903350830078,
      29.87032699584961
    ],
    [
      16.441726684570312,
      14.16378116607666,
      10.703617095947266,
      10.302019119262695,
      19.738937377929688,
      19.570594787597656,
      25.88376235961914,
      31.270172119140625,
      30.118654251098633,
      36.28889846801758,
      41.989662170410156,
      43.86531448364258,
      48.73131561279297,
      48.04308319091797,
      45.80213928222656,
      44.61796951293945,
      35.907470703125,
      35.254600524902344
    ],
    [
      16.2486629486084,
      14.137520790100098,
      10.140338897705078,
      10.205968856811523,
      17.35945701599121,
      18.51214599609375,
      23.133026123046875,
      29.902732849121094,
      27.255538940429688,
      34.901611328125,
      39.758750915527344,
      43.3082389831543,
      48.04308319091797,
      48.05185317993164,
      45.639225006103516,
      44.619380950927734,
      36.05518341064453,
      35.419677734375
    ],
    [
      17.001638412475586,
      15.127220153808594,
      10.567505836486816,
      10.014259338378906,
      17.863542556762695,
      18.764490127563477,
      23.064579010009766,
      28.25814437866211,
      26.555959701538086,
      32.19773483276367,
      37.53445053100586,
      40.39168167114258,
      45.80213928222656,
      45.639225006103516,
      47.8510627746582,
      46.91141891479492,
      38.954200744628906,
      38.24986267089844
    ],
    [
      16.832944869995117,
      15.101104736328125,
      10.238140106201172,
      10.038257598876953,
      16.795927047729492,
      18.257766723632812,
      21.682918548583984,
      27.355052947998047,
      24.954191207885742,
      31.026288986206055,
      36.049468994140625,
      39.270477294921875,
      44.61796951293945,
      44.619380950927734,
      46.91141891479492,
      46.29823684692383,
      38.538902282714844,
      37.87818145751953
    ],
    [
      14.902430534362793,
      14.02957534790039,
      8.975212097167969,
      8.44047737121582,
      13.677718162536621,
      14.450130462646484,
      17.293495178222656,
      21.81414794921875,
      19.343746185302734,
      23.946813583374023,
      27.866243362426758,
      30.418903350830078,
      35.907470703125,
      36.05518341064453,
      38.954200744628906,
      38.538902282714844,
      36.874755859375,
      36.29354476928711
    ],
    [
      14.662227630615234,
      13.828940391540527,
      8.807351112365723,
      8.336380958557129,
      13.39189624786377,
      14.194665908813477,
      16.97277069091797,
      21.484567642211914,
      18.967777252197266,
      23.528783798217773,
      27.347389221191406,
      29.87032699584961,
      35.254600524902344,
      35.419677734375,
      38.24986267089844,
      37.87818145751953,
      36.29354476928711,
      35.78818893432617
    ]
  ],
  "drr": 10.020835876464844,
  "dynamics": 5.081042289733887,
  "format": 1245190,
  "frames": 17733632,
  "loudness": -24.790992736816406,
  "loudness_range": 15.079757690429688,
  "loudness_range_short": 18.789779663085938,
  "peak": -2.7577366828918457,
  "rms": -25.009071350097656,
  "sample_rate": 44100,
  "sections": 1,
  "seekable": 1,
  "sharpness": 4.182562828063965,
  "space": -7.524168014526367
}