{
  "bands": [
    {
      "high_freq": 148.1999969482422,
      "loudness": -29.82064437866211,
      "loudness_range": 14.428117752075195,
      "mid_mean": -26.148508071899414,
      "mid_to_side_loudness": -23.16698455810547,
      "mid_to_side_loudness_range": 9.260048866271973,
      "side_mean": -49.36091995239258
    },
    {
      "high_freq": 392.3793640136719,
      "loudness": -33.06572723388672,
      "loudness_range": 16.829933166503906,
      "low_freq": 148.1999969482422,
      "mid_mean": -29.430021286010742,
      "mid_to_side_loudness": -20.027864456176758,
      "mid_to_side_loudness_range": 11.62154769897461,
      "side_mean": -49.340476989746094
    },
    {
      "high_freq": 794.6976318359375,
      "loudness": -34.37968063354492,
      "loudness_range": 21.420778274536133,
      "low_freq": 392.3793640136719,
      "mid_mean": -30.785432815551758,
      "mid_to_side_loudness": -20.169370651245117,
      "mid_to_side_loudness_range": 17.275089263916016,
      "side_mean": -50.75691604614258
    },
    {
      "high_freq": 1457.5709228515625,
      "loudness": -36.866458892822266,
      "loudness_range": 19.484861373901367,
      "low_freq": 794.6976318359375,
      "mid_mean": -33.28898620605469,
      "mid_to_side_loudness": -18.486373901367188,
      "mid_to_side_loudness_range": 17.305391311645508,
      "side_mean": -51.643497467041016
    },
    {
      "high_freq": 2549.74365234375,
      "loudness": -33.64080047607422,
      "loudness_range": 20.51090431213379,
      "low_freq": 1457.5709228515625,
      "mid_mean": -30.064924240112305,
      "mid_to_side_loudness": -18.245155334472656,
      "mid_to_side_loudness_range": 14.596536636352539,
      "side_mean": -48.22615051269531
    },
    {
      "high_freq": 4349.24462890625,
      "loudness": -34.98427200317383,
      "loudness_range": 24.401607513427734,
      "low_freq": 2549.74365234375,
      "mid_mean": -31.634828567504883,
      "mid_to_side_loudness": -13.213675498962402,
      "mid_to_side_loudness_range": 14.802391052246094,
      "side_mean": -44.924137115478516
    },
    {
      "high_freq": 7314.1640625,
      "loudness": -39.800411224365234,
      "loudness_range": 15.641080856323242,
      "low_freq": 4349.24462890625,
      "mid_mean": -36.76679229736328,
      "mid_to_side_loudness": -8.305295944213867,
      "mid_to_side_loudness_range": 7.0644850730896,
      "side_mean": -45.16402816772461
    },
    {
      "high_freq": 12199.2666015625,
      "loudness": -45.1572380065918,
      "loudness_range": 12.178295135498047,
      "low_freq": 7314.1640625,
      "mid_mean": -41.839691162109375,
      "mid_to_side_loudness": -10.61292839050293,
      "mid_to_side_loudness_range": 5.85147762298584,
      "side_mean": -52.32433319091797
    },
    {
      "loudness": -53.013031005859375,
      "loudness_range": 13.354068756103516,
      "low_freq": 12199.2666015625,
      "mid_mean": -49.71186447143555,
      "mid_to_side_loudness": -9.714402198791504,
      "mid_to_side_loudness_range": 6.49416971206665,
      "side_mean": -59.020633697509766
    }
  ],
  "bands_short": [
    {
      "high_freq": 148.1999969482422,
      "loudness": -34.05122756958008,
      "loudness_range": 21.084970474243164,
      "mid_mean": -30.387075424194336,
      "mid_to_side_loudness": -23.025686264038086,
      "mid_to_side_loudness_range": 11.396699905395508,
      "side_mean": -53.5813102722168
    },
    {
      "high_freq": 392.3793640136719,
      "loudness": -31.27956771850586,
      "loudness_range": 16.85586166381836,
      "low_freq": 148.1999969482422,
      "mid_mean": -27.643516540527344,
      "mid_to_side_loudness": -20.9218692779541,
      "mid_to_side_loudness_range": 12.858536720275879,
      "side_mean": -48.59574508666992
    },
    {
      "high_freq": 794.6976318359375,
      "loudness": -34.82485580444336,
      "loudness_range": 23.72312355041504,
      "low_freq": 392.3793640136719,
      "mid_mean": -31.241113662719727,
      "mid_to_side_loudness": -20.03705406188965,
      "mid_to_side_loudness_range": 19.428041458129883,
      "side_mean": -51.16930389404297
    },
    {
      "high_freq": 1457.5709228515625,
      "loudness": -37.452064514160156,
      "loudness_range": 22.30373764038086,
      "low_freq": 794.6976318359375,
      "mid_mean": -33.91300582885742,
      "mid_to_side_loudness": -18.390989303588867,
      "mid_to_side_loudness_range": 20.084056854248047,
      "side_mean": -52.26519012451172
    },
    {
      "high_freq": 2549.74365234375,
      "loudness": -34.59870910644531,
      "loudness_range": 23.109262466430664,
      "low_freq": 1457.5709228515625,
      "mid_mean": -31.03640365600586,
      "mid_to_side_loudness": -18.01289939880371,
      "mid_to_side_loudness_range": 17.578548431396484,
      "side_mean": -49.15336227416992
    },
    {
      "high_freq": 4349.24462890625,
      "loudness": -35.933143615722656,
      "loudness_range": 26.74925422668457,
      "low_freq": 2549.74365234375,
      "mid_mean": -32.563575744628906,
      "mid_to_side_loudness": -13.29306411743164,
      "mid_to_side_loudness_range": 15.536630630493164,
      "side_mean": -46.3066291809082
    },
    {
      "high_freq": 7314.1640625,
      "loudness": -41.60165023803711,
      "loudness_range": 22.352869033813477,
      "low_freq": 4349.24462890625,
      "mid_mean": -38.52781295776367,
      "mid_to_side_loudness": -8.999274253845215,
      "mid_to_side_loudness_range": 10.286911010742188,
      "side_mean": -47.807308197021484
    },
    {
      "high_freq": 12199.2666015625,
      "loudness": -47.445457458496094,
      "loudness_range": 20.27545166015625,
      "low_freq": 7314.1640625,
      "mid_mean": -44.12577819824219,
      "mid_to_side_loudness": -10.551253318786621,
      "mid_to_side_loudness_range": 6.443505764007568,
      "side_mean": -54.42634201049805
    },
    {
      "loudness": -56.426239013671875,
      "loudness_range": 22.39759063720703,
      "low_freq": 12199.2666015625,
      "mid_mean": -53.21061706542969,
      "mid_to_side_loudness": -8.13002872467041,
      "mid_to_side_loudness_range": 10.64610481262207,
      "side_mean": -60.75349426269531
    }
  ],
  "channels": 2,
  "covariance": [
    [
      30.734683990478516,
      29.232816696166992,
      24.810182571411133,
      26.398557662963867,
      12.319475173950195,
      10.982352256774902,
      13.937761306762695,
      8.907952308654785,
      17.151947021484375,
      16.63266944885254,
      12.451313972473145,
      14.135445594787598,
      14.047037124633789,
      13.18666934967041,
      12.464235305786133,
      10.10041332244873,
      12.04328727722168,
      5.792599678039551
    ],
    [
      29.232816696166992,
      36.85179901123047,
      25.69986343383789,
      32.38936233520508,
      15.942782402038574,
      16.111942291259766,
      16.08860206604004,
      14.054091453552246,
      17.533430099487305,
      19.41585922241211,
      14.891987800598145,
      19.06180191040039,
      16.36063575744629,
      15.422733306884766,
      12.012187957763672,
      10.6182222366333,
      11.835220336914062,
      6.317010402679443
    ],
    [
      24.810182571411133,
      25.69986343383789,
      36.36722183227539,
      35.17410659790039,
      23.006942749023438,
      25.287702560424805,
      23.150447845458984,
      19.965782165527344,
      26.135683059692383,
      27.336162567138672,
      26.304168701171875,
      27.2409725189209,
      23.595674514770508,
      19.78439712524414,
      17.505407333374023,
      16.907318115234375,
      16.753366470336914,
      10.824360847473145
    ],
    [
      26.398557662963867,
      32.38936233520508,
      35.17410659790039,
      47.53337478637695,
      23.34861183166504,
      29.339887619018555,
      22.07653045654297,
      26.000946044921875,
      22.82703399658203,
      29.317583084106445,
      23.129501342773438,
      30.25594139099121,
      21.482908248901367,
      19.935596466064453,
      14.574926376342773,
      14.922184944152832,
      14.090450286865234,
      9.371970176696777
    ],
    [
      12.319475173950195,
      15.942782402038574,
      23.006942749023438,
      23.34861183166504,
      56.02439880371094,
      55.235321044921875,
      28.49020767211914,
      34.10619354248047,
      24.519306182861328,
      30.520456314086914,
      31.137699127197266,
      34.357635498046875,
      25.459630966186523,
      19.825733184814453,
      15.203556060791016,
      17.921995162963867,
      15.512250900268555,
      13.03731918334961
    ],
    [
      10.982352256774902,
      16.111942291259766,
      25.287702560424805,
      29.339887619018555,
      55.235321044921875,
      81.671630859375,
      31.447603225708008,
      51.078125,
      28.407957077026367,
      47.024314880371094,
      42.101043701171875,
      56.59751510620117,
      30.12230682373047,
      27.499509811401367,
      12.640717506408691,
      20.732328414916992,
      11.24113655090332,
      12.25661563873291
    ],
    [
      13.937761306762695,
      16.08860206604004,
      23.150447845458984,
      22.07653045654297,
      28.49020767211914,
      31.447603225708008,
      45.9896240234375,
      38.91655349731445,
      33.43920135498047,
      33.56276321411133,
      34.09363555908203,
      32.496212005615234,
      24.130327224731445,
      18.38399887084961,
      16.281679153442383,
      17.136566162109375,
      15.524412155151367,
      11.408233642578125
    ],
    [
      8.907952308654785,
      14.054091453552246,
      19.965782165527344,
      26.000946044921875,
      34.10619354248047,
      51.078125,
      38.91655349731445,
      61.84629440307617,
      29.684165954589844,
      46.27909851074219,
      37.02476501464844,
      48.106388092041016,
      22.0345516204834,
      20.51577377319336,
      10.939559936523438,
      16.328655242919922,
      9.869260787963867,
      9.547863006591797
    ],
    [
      17.151947021484375,
      17.533430099487305,
      26.135683059692383,
      22.82703399658203,
      24.519306182861328,
      28.407957077026367,
      33.43920135498047,
      29.684165954589844,
      53.274898529052734,
      45.37934875488281,
      50.96846008300781,
      42.71247863769531,
      31.250404357910156,
      22.962860107421875,
      18.013076782226562,
      19.30504608154297,
      15.821694374084473,
      11.27785873413086
    ],
    [
      16.63266944885254,
      19.41585922241211,
      27.336162567138672,
      29.317583084106445,
      30.520456314086914,
      47.024314880371094,
      33.56276321411133,
      46.27909851074219,
      45.37934875488281,
      59.89638137817383,
      51.44508361816406,
      59.04612731933594,
      31.71002960205078,
      28.31873893737793,
      16.4346866607666,
      21.610628128051758,
      13.436516761779785,
      11.153341293334961
    ],
    [
      12.451313972473145,
      14.891987800598145,
      26.304168701171875,
      23.129501342773438,
      31.137699127197266,
      42.101043701171875,
      34.09363555908203,
      37.02476501464844,
      50.96846008300781,
      51.44508361816406,
      68.11642456054688,
      60.910003662109375,
      37.64516830444336,
      28.473819732666016,
      18.366365432739258,
      22.952713012695312,
      15.324966430664062,
      13.034348487854004
    ],
    [
      14.135445594787598,
      19.06180191040039,
      27.2409725189209,
      30.25594139099121,
      34.357635498046875,
      56.59751510620117,
      32.496212005615234,
      48.106388092041016,
      42.71247863769531,
      59.04612731933594,
      60.910003662109375,
      76.37053680419922,
      37.509429931640625,
      35.306331634521484,
      16.414609909057617,
      24.90738868713379,
      12.202851295471191,
      11.856122970581055
    ],
    [
      14.047037124633789,
      16.36063575744629,
      23.595674514770508,
      21.482908248901367,
      25.459630966186523,
      30.12230682373047,
      24.130327224731445,
      22.0345516204834,
      31.250404357910156,
      31.71002960205078,
      37.64516830444336,
      37.509429931640625,
      34.808162689208984,
      26.312917709350586,
      18.821138381958008,
      20.764997482299805,
      17.22423553466797,
      12.886337280273438
    ],
    [
      13.18666934967041,
      15.422733306884766,
      19.78439712524414,
      19.935596466064453,
      19.825733184814453,
      27.499509811401367,
      18.38399887084961,
      20.51577377319336,
      22.962860107421875,
      28.31873893737793,
      28.473819732666016,
      35.306331634521484,
      26.312917709350586,
      26.098283767700195,
      16.03965187072754,
      18.836400985717773,
      14.088118553161621,
      10.517068862915039
    ],
    [
      12.464235305786133,
      12.012187957763672,
      17.505407333374023,
      14.574926376342773,
      15.203556060791016,
      12.640717506408691,
      16.281679153442383,
      10.939559936523438,
      18.013076782226562,
      16.4346866607666,
      18.366365432739258,
      16.414609909057617,
      18.821138381958008,
      16.03965187072754,
      22.240142822265625,
      19.24679946899414,
      22.21307373046875,
      14.34862232208252
    ],
    [
      10.10041332244873,
      10.6182222366333,
      16.907318115234375,
      14.922184944152832,
      17.921995162963867,
      20.732328414916992,
      17.136566162109375,
      16.328655242919922,
      19.30504608154297,
      21.610628128051758,
      22.952713012695312,
      24.90738868713379,
      20.764997482299805,
      18.836400985717773,
      19.24679946899414,
      19.826955795288086,
      18.439411163330078,
      13.407821655273438
    ],
    [
      12.04328727722168,
      11.835220336914062,
      16.753366470336914,
      14.090450286865234,
      15.512250900268555,
      11.24113655090332,
      15.524412155151367,
      9.869260787963867,
      15.821694374084473,
      13.436516761779785,
      15.324966430664062,
      12.202851295471191,
      17.22423553466797,
      14.088118553161621,
      22.21307373046875,
      18.439411163330078,
      24.479888916015625,
      15.680037498474121
    ],
    [
      5.792599678039551,
      6.317010402679443,
      10.824360847473145,
      9.371970176696777,
      13.03731918334961,
      12.25661563873291,
      11.408233642578125,
      9.547863006591797,
      11.27785873413086,
      11.153341293334961,
      13.034348487854004,
      11.856122970581055,
      12.886337280273438,
      10.517068862915039,
      14.34862232208252,
      13.407821655273438,
      15.680037498474121,
      11.80689811706543
    ]
  ],
  "covariance_short": [
    [
      57.896671295166016,
      43.18112564086914,
      23.28139877319336,
      25.356050491333008,
      7.1698760986328125,
      4.838784217834473,
      10.533281326293945,
      4.6090521812438965,
      13.465485572814941,
      14.785062789916992,
      7.7305216789245605,
      12.165034294128418,
      16.727455139160156,
      18.496543884277344,
      13.142334938049316,
      10.022873878479004,
      13.253941535949707,
      5.4143500328063965
    ],
    [
      43.18112564086914,
      45.583927154541016,
      23.5231990814209,
      29.17520523071289,
      11.363133430480957,
      10.166796684265137,
      13.127266883850098,
      9.311664581298828,
      14.461262702941895,
      16.80863380432129,
      11.051877975463867,
      15.841349601745605,
      18.9340763092041,
      20.274982452392578,
      13.703934669494629,
      11.072537422180176,
      13.810315132141113,
      6.214470863342285
    ],
    [
      23.28139877319336,
      23.5231990814209,
      37.280128479003906,
      33.247520446777344,
      20.75152015686035,
      20.022911071777344,
      20.171815872192383,
      16.982912063598633,
      19.93575096130371,
      22.551908493041992,
      18.871889114379883,
      22.95294952392578,
      24.833864212036133,
      23.615541458129883,
      14.966789245605469,
      13.652864456176758,
      14.880995750427246,
      8.3685884475708
    ],
    [
      25.356050491333008,
      29.17520523071289,
      33.247520446777344,
      47.50826644897461,
      23.546527862548828,
      27.161273956298828,
      21.299320220947266,
      23.940340042114258,
      19.324708938598633,
      26.146392822265625,
      19.591520309448242,
      27.863140106201172,
      25.339847564697266,
      25.42279624938965,
      12.47157096862793,
      12.680120468139648,
      12.08887004852295,
      7.692371845245361
    ],
    [
      7.1698760986328125,
      11.363133430480957,
      20.75152015686035,
      23.546527862548828,
      68.61660766601562,
      58.85844421386719,
      32.576412200927734,
      36.30829620361328,
      28.649789810180664,
      32.68439865112305,
      35.11735916137695,
      36.2460823059082,
      32.98005294799805,
      24.976409912109375,
      13.407659530639648,
      16.174808502197266,
      14.050248146057129,
      11.606572151184082
    ],
    [
      4.838784217834473,
      10.166796684265137,
      20.022911071777344,
      27.161273956298828,
      58.85844421386719,
      84.18324279785156,
      32.72554016113281,
      51.346885681152344,
      28.71649169921875,
      45.75155258178711,
      41.54802322387695,
      53.83470153808594,
      34.759952545166016,
      29.923460006713867,
      8.647472381591797,
      16.655967712402344,
      7.965686798095703,
      10.66154956817627
    ],
    [
      10.533281326293945,
      13.127266883850098,
      20.171815872192383,
      21.299320220947266,
      32.576412200927734,
      32.72554016113281,
      58.4049186706543,
      41.61073684692383,
      39.26709747314453,
      35.24632263183594,
      39.236854553222656,
      35.94998550415039,
      33.01618576049805,
      25.373994827270508,
      16.26719093322754,
      16.667030334472656,
      16.0484676361084,
      11.146113395690918
    ],
    [
      4.6090521812438965,
      9.311664581298828,
      16.982912063598633,
      23.940340042114258,
      36.30829620361328,
      51.346885681152344,
      41.61073684692383,
      65.60933685302734,
      31.728675842285156,
      47.18461227416992,
      38.425079345703125,
      48.4245719909668,
      27.302894592285156,
      24.278026580810547,
      9.399911880493164,
      14.530864715576172,
      7.95725154876709,
      8.779345512390137
    ],
    [
      13.465485572814941,
      14.461262702941895,
      19.93575096130371,
      19.324708938598633,
      28.649789810180664,
      28.71649169921875,
      39.26709747314453,
      31.728675842285156,
      66.97553253173828,
      49.465240478515625,
      61.42546081542969,
      48.112709045410156,
      43.60304260253906,
      31.62293815612793,
      19.0303955078125,
      19.661470413208008,
      18.149932861328125,
      11.935789108276367
    ],
    [
      14.785062789916992,
      16.80863380432129,
      22.551908493041992,
      26.146392822265625,
      32.68439865112305,
      45.75155258178711,
      35.24632263183594,
      47.18461227416992,
      49.465240478515625,
      64.56490325927734,
      54.98334884643555,
      61.740867614746094,
      40.53960418701172,
      36.75480651855469,
      17.250661849975586,
      21.773822784423828,
      14.925223350524902,
      11.839695930480957
    ],
    [
      7.7305216789245605,
      11.051877975463867,
      18.871889114379883,
      19.591520309448242,
      35.11735916137695,
      41.54802322387695,
      39.236854553222656,
      38.425079345703125,
      61.42546081542969,
      54.98334884643555,
      85.39807891845703,
      67.51788330078125,
      53.44192123413086,
      39.716026306152344,
      18.66533088684082,
      22.91086196899414,
      17.416107177734375,
      14.060890197753906
    ],
    [
      12.165034294128418,
      15.841349601745605,
      22.95294952392578,
      27.863140106201172,
      36.2460823059082,
      53.83470153808594,
      35.94998550415039,
      48.4245719909668,
      48.112709045410156,
      61.740867614746094,
      67.51788330078125,
      81.78459930419922,
      51.29663848876953,
      47.797481536865234,
      18.29895782470703,
      25.995925903320312,
      15.967507362365723,
      14.684884071350098
    ],
    [
      16.727455139160156,
      18.9340763092041,
      24.833864212036133,
      25.339847564697266,
      32.98005294799805,
      34.759952545166016,
      33.01618576049805,
      27.302894592285156,
      43.60304260253906,
      40.53960418701172,
      53.44192123413086,
      51.29663848876953,
      65.5255355834961,
      50.19688034057617,
      29.265361785888672,
      30.509937286376953,
      31.246442794799805,
      21.319477081298828
    ],
    [
      18.496543884277344,
      20.274982452392578,
      23.615541458129883,
      25.42279624938965,
      24.976409912109375,
      29.923460006713867,
      25.373994827270508,
      24.278026580810547,
      31.62293815612793,
      36.75480651855469,
      39.716026306152344,
      47.797481536865234,
      50.19688034057617,
      53.69793701171875,
      34.44699478149414,
      35.516578674316406,
      34.31111145019531,
      22.7119140625
    ],
    [
      13.142334938049316,
      13.703934669494629,
      14.966789245605469,
      12.47157096862793,
      13.407659530639648,
      8.647472381591797,
      16.26719093322754,
      9.399911880493164,
      19.0303955078125,
      17.250661849975586,
      18.66533088684082,
      18.29895782470703,
      29.265361785888672,
      34.44699478149414,
      47.04984664916992,
      39.365501403808594,
      47.72825622558594,
      27.2412052154541
    ],
    [
      10.022873878479004,
      11.072537422180176,
      13.652864456176758,
      12.680120468139648,
      16.174808502197266,
      16.655967712402344,
      16.667030334472656,
      14.530864715576172,
      19.661470413208008,
      21.773822784423828,
      22.91086196899414,
      25.995925903320312,
      30.509937286376953,
      35.516578674316406,
      39.365501403808594,
      37.4071044921875,
      40.29981231689453,
      25.452634811401367
    ],
    [
      13.253941535949707,
      13.810315132141113,
      14.880995750427246,
      12.08887004852295,
      14.050248146057129,
      7.965686798095703,
      16.0484676361084,
      7.95725154876709,
      18.149932861328125,
      14.925223350524902,
      17.416107177734375,
      15.967507362365723,
      31.246442794799805,
      34.31111145019531,
      47.72825622558594,
      40.29981231689453,
      55.85940933227539,
      32.533756256103516
    ],
    [
      5.4143500328063965,
      6.214470863342285,
      8.3685884475708,
      7.692371845245361,
      11.606572151184082,
      10.66154956817627,
      11.146113395690918,
      8.779345512390137,
      11.935789108276367,
      11.839695930480957,
      14.060890197753906,
      14.684884071350098,
      21.319477081298828,
      22.7119140625,
      27.2412052154541,
      25.452634811401367,
      32.533756256103516,
      22.317228317260742
    ]
  ],
  "drr": 15.197184562683105,
  "dynamics": 3.8322393894195557,
  "format": 1245190,
  "frames": 18571264,
  "loudness": -19.417837142944336,
  "loudness_range": 14.230996131896973,
  "loudness_range_short": 15.108718872070312,
  "peak": -2.100106716156006,
  "rms": -21.471744537353516,
  "sample_rate": 44100,
  "sections": 1,
  "seekable": 1,
  "sharpness": 1.9637528657913208,
  "space": -17.92707061767578
}