{
  "bands": [
    {
      "high_freq": 148.1999969482422,
      "loudness": -17.87741470336914,
      "loudness_range": 6.613885879516602,
      "mid_mean": -14.341431617736816,
      "mid_to_side_loudness": -16.661392211914062,
      "mid_to_side_loudness_range": 15.93303394317627,
      "side_mean": -31.332204818725586
    },
    {
      "high_freq": 392.3793640136719,
      "loudness": -21.67961883544922,
      "loudness_range": 6.636789321899414,
      "low_freq": 148.1999969482422,
      "mid_mean": -18.529029846191406,
      "mid_to_side_loudness": -10.167612075805664,
      "mid_to_side_loudness_range": 11.75342845916748,
      "side_mean": -28.78019905090332
    },
    {
      "high_freq": 794.6976318359375,
      "loudness": -22.465675354003906,
      "loudness_range": 10.660995483398438,
      "low_freq": 392.3793640136719,
      "mid_mean": -19.406925201416016,
      "mid_to_side_loudness": -9.907051086425781,
      "mid_to_side_loudness_range": 14.417707443237305,
      "side_mean": -29.44318389892578
    },
    {
      "high_freq": 1457.5709228515625,
      "loudness": -22.68153953552246,
      "loudness_range": 12.986394882202148,
      "low_freq": 794.6976318359375,
      "mid_mean": -19.718461990356445,
      "mid_to_side_loudness": -8.860769271850586,
      "mid_to_side_loudness_range": 12.909998893737793,
      "side_mean": -28.714275360107422
    },
    {
      "high_freq": 2549.74365234375,
      "loudness": -23.13943099975586,
      "loudness_range": 10.912628173828125,
      "low_freq": 1457.5709228515625,
      "mid_mean": -20.261341094970703,
      "mid_to_side_loudness": -7.986301898956299,
      "mid_to_side_loudness_range": 11.228299140930176,
      "side_mean": -28.287599563598633
    },
    {
      "high_freq": 4349.24462890625,
      "loudness": -23.57916259765625,
      "loudness_range": 8.561090469360352,
      "low_freq": 2549.74365234375,
      "mid_mean": -20.71609115600586,
      "mid_to_side_loudness": -8.17937183380127,
      "mid_to_side_loudness_range": 13.092665672302246,
      "side_mean": -28.939369201660156
    },
    {
      "high_freq": 7314.1640625,
      "loudness": -25.334941864013672,
      "loudness_range": 10.263330459594727,
      "low_freq": 4349.24462890625,
      "mid_mean": -22.53873062133789,
      "mid_to_side_loudness": -7.948426246643066,
      "mid_to_side_loudness_range": 12.471114158630371,
      "side_mean": -30.369077682495117
    },
    {
      "high_freq": 12199.2666015625,
      "loudness": -26.774641036987305,
      "loudness_range": 11.729745864868164,
      "low_freq": 7314.1640625,
      "mid_mean": -23.978456497192383,
      "mid_to_side_loudness": -8.061234474182129,
      "mid_to_side_loudness_range": 14.692595481872559,
      "side_mean": -31.733074188232422
    },
    {
      "loudness": -31.85065460205078,
      "loudness_range": 13.573724746704102,
      "low_freq": 12199.2666015625,
      "mid_mean": -29.216066360473633,
      "mid_to_side_loudness": -6.764025688171387,
      "mid_to_side_loudness_range": 11.89133358001709,
      "side_mean": -35.56038284301758
    }
  ],
  "bands_short": [
    {
      "high_freq": 148.1999969482422,
      "loudness": -20.74754524230957,
      "loudness_range": 15.820266723632812,
      "mid_mean": -17.305097579956055,
      "mid_to_side_loudness": -17.74063491821289,
      "mid_to_side_loudness_range": 24.828102111816406,
      "side_mean": -35.45747375488281
    },
    {
      "high_freq": 392.3793640136719,
      "loudness": -21.703935623168945,
      "loudness_range": 12.520591735839844,
      "low_freq": 148.1999969482422,
      "mid_mean": -18.591384887695312,
      "mid_to_side_loudness": -10.446353912353516,
      "mid_to_side_loudness_range": 16.35535430908203,
      "side_mean": -29.30080795288086
    },
    {
      "high_freq": 794.6976318359375,
      "loudness": -24.234460830688477,
      "loudness_range": 15.467767715454102,
      "low_freq": 392.3793640136719,
      "mid_mean": -21.41228675842285,
      "mid_to_side_loudness": -8.944709777832031,
      "mid_to_side_loudness_range": 17.078857421875,
      "side_mean": -30.572715759277344
    },
    {
      "high_freq": 1457.5709228515625,
      "loudness": -23.44220733642578,
      "loudness_range": 17.085826873779297,
      "low_freq": 794.6976318359375,
      "mid_mean": -20.73287010192871,
      "mid_to_side_loudness": -8.306751251220703,
      "mid_to_side_loudness_range": 16.924091339111328,
      "side_mean": -29.226211547851562
    },
    {
      "high_freq": 2549.74365234375,
      "loudness": -24.319704055786133,
      "loudness_range": 15.56805419921875,
      "low_freq": 1457.5709228515625,
      "mid_mean": -21.649442672729492,
      "mid_to_side_loudness": -7.630100250244141,
      "mid_to_side_loudness_range": 14.378453254699707,
      "side_mean": -29.370126724243164
    },
    {
      "high_freq": 4349.24462890625,
      "loudness": -24.73904037475586,
      "loudness_range": 13.576841354370117,
      "low_freq": 2549.74365234375,
      "mid_mean": -22.090543746948242,
      "mid_to_side_loudness": -7.66943883895874,
      "mid_to_side_loudness_range": 14.883420944213867,
      "side_mean": -29.893177032470703
    },
    {
      "high_freq": 7314.1640625,
      "loudness": -26.85717010498047,
      "loudness_range": 16.647520065307617,
      "low_freq": 4349.24462890625,
      "mid_mean": -24.270416259765625,
      "mid_to_side_loudness": -7.1650261878967285,
      "mid_to_side_loudness_range": 13.610280990600586,
      "side_mean": -31.251144409179688
    },
    {
      "high_freq": 12199.2666015625,
      "loudness": -28.100439071655273,
      "loudness_range": 16.225698471069336,
      "low_freq": 7314.1640625,
      "mid_mean": -25.447359085083008,
      "mid_to_side_loudness": -7.45657205581665,
      "mid_to_side_loudness_range": 14.37905502319336,
      "side_mean": -32.632041931152344
    },
    {
      "loudness": -33.465816497802734,
      "loudness_range": 18.255977630615234,
      "low_freq": 12199.2666015625,
      "mid_mean": -30.863258361816406,
      "mid_to_side_loudness": -6.439376354217529,
      "mid_to_side_loudness_range": 12.379975318908691,
      "side_mean": -37.10305404663086
    }
  ],
  "channels": 2,
  "covariance": [
    [
      8.310402870178223,
      3.210736036300659,
      1.4337127208709717,
      2.0391011238098145,
      0.8987666964530945,
      1.7775335311889648,
      2.5977163314819336,
      2.6579625606536865,
      2.7663567066192627,
      2.522101402282715,
      2.2990951538085938,
      3.1362926959991455,
      1.8196443319320679,
      3.4871256351470947,
      2.2493419647216797,
      2.578958749771118,
      1.2682733535766602,
      0.8861586451530457
    ],
    [
      3.210736036300659,
      27.298782348632812,
      1.3924188613891602,
      12.375035285949707,
      3.001915454864502,
      12.118388175964355,
      3.678619384765625,
      10.785406112670898,
      4.260509014129639,
      10.31916332244873,
      4.223415851593018,
      14.113680839538574,
      4.780462741851807,
      15.092973709106445,
      4.897939205169678,
      15.94159984588623,
      4.900283336639404,
      11.484145164489746
    ],
    [
      1.4337127208709717,
      1.3924188613891602,
      8.080710411071777,
      3.3108017444610596,
      3.415586233139038,
      2.545520782470703,
      0.20708587765693665,
      2.0263772010803223,
      2.7319653034210205,
      2.76570725440979,
      2.2958743572235107,
      2.3647983074188232,
      2.1139702796936035,
      1.5524260997772217,
      2.1483609676361084,
      1.4490070343017578,
      1.598897099494934,
      1.1866191625595093
    ],
    [
      2.0391011238098145,
      12.375035285949707,
      3.3108017444610596,
      15.208226203918457,
      2.2930216789245605,
      12.012487411499023,
      2.7487447261810303,
      9.850521087646484,
      3.6734085083007812,
      9.910656929016113,
      3.8144166469573975,
      12.937112808227539,
      5.379273414611816,
      12.109516143798828,
      4.721963405609131,
      11.941669464111328,
      4.917081832885742,
      8.031135559082031
    ],
    [
      0.8987666964530945,
      3.001915454864502,
      3.415586233139038,
      2.2930216789245605,
      16.976913452148438,
      7.056467533111572,
      9.629411697387695,
      3.888373613357544,
      7.91565465927124,
      3.593386650085449,
      6.128597736358643,
      2.3755273818969727,
      1.9596048593521118,
      1.8918483257293701,
      3.32602858543396,
      3.1589860916137695,
      3.294828414916992,
      4.866462230682373
    ],
    [
      1.7775335311889648,
      12.118388175964355,
      2.545520782470703,
      12.012487411499023,
      7.056467533111572,
      21.055206298828125,
      9.400793075561523,
      17.41562271118164,
      7.683797836303711,
      15.088631629943848,
      7.086431503295898,
      16.788917541503906,
      7.086359977722168,
      14.478355407714844,
      7.62367582321167,
      15.953510284423828,
      7.934671878814697,
      13.780867576599121
    ],
    [
      2.5977163314819336,
      3.678619384765625,
      0.20708587765693665,
      2.7487447261810303,
      9.629411697387695,
      9.400793075561523,
      22.91099739074707,
      12.066108703613281,
      9.477156639099121,
      7.037740230560303,
      8.474326133728027,
      7.524908065795898,
      5.10202169418335,
      6.1353654861450195,
      5.786118507385254,
      8.000567436218262,
      5.268929481506348,
      9.495664596557617
    ],
    [
      2.6579625606536865,
      10.785406112670898,
      2.0263772010803223,
      9.850521087646484,
      3.888373613357544,
      17.41562271118164,
      12.066108703613281,
      22.144657135009766,
      7.563798904418945,
      16.853052139282227,
      7.2545671463012695,
      18.74327278137207,
      7.633461952209473,
      15.640792846679688,
      7.85030460357666,
      16.618770599365234,
      8.52552318572998,
      14.762040138244629
    ],
    [
      2.7663567066192627,
      4.260509014129639,
      2.7319653034210205,
      3.6734085083007812,
      7.91565465927124,
      7.683797836303711,
      9.477156639099121,
      7.563798904418945,
      17.845483779907227,
      10.658817291259766,
      10.38581657409668,
      9.831680297851562,
      8.329621315002441,
      8.629060745239258,
      8.664327621459961,
      10.651848793029785,
      7.864058017730713,
      10.38606071472168
    ],
    [
      2.522101402282715,
      10.31916332244873,
      2.76570725440979,
      9.910656929016113,
      3.593386650085449,
      15.088631629943848,
      7.037740230560303,
      16.853052139282227,
      10.658817291259766,
      19.84798812866211,
      7.930254936218262,
      21.020305633544922,
      8.966120719909668,
      17.43964385986328,
      9.062224388122559,
      18.526060104370117,
      9.640506744384766,
      15.90927791595459
    ],
    [
      2.2990951538085938,
      4.223415851593018,
      2.2958743572235107,
      3.8144166469573975,
      6.128597736358643,
      7.086431503295898,
      8.474326133728027,
      7.2545671463012695,
      10.38581657409668,
      7.930254936218262,
      10.986649513244629,
      9.980302810668945,
      8.736186027526855,
      9.118002891540527,
      8.430704116821289,
      10.167662620544434,
      6.715318202972412,
      8.674553871154785
    ],
    [
      3.1362926959991455,
      14.113680839538574,
      2.3647983074188232,
      12.937112808227539,
      2.3755273818969727,
      16.788917541503906,
      7.524908065795898,
      18.74327278137207,
      9.831680297851562,
      21.020305633544922,
      9.980302810668945,
      30.56899642944336,
      12.486239433288574,
      28.801984786987305,
      12.248664855957031,
      28.938030242919922,
      11.386290550231934,
      21.161191940307617
    ],
    [
      1.8196443319320679,
      4.780462741851807,
      2.1139702796936035,
      5.379273414611816,
      1.9596048593521118,
      7.086359977722168,
      5.10202169418335,
      7.633461952209473,
      8.329621315002441,
      8.966120719909668,
      8.736186027526855,
      12.486239433288574,
      13.634946823120117,
      13.844801902770996,
      11.840625762939453,
      13.967597007751465,
      9.158221244812012,
      10.110230445861816
    ],
    [
      3.4871256351470947,
      15.092973709106445,
      1.5524260997772217,
      12.109516143798828,
      1.8918483257293701,
      14.478355407714844,
      6.1353654861450195,
      15.640792846679688,
      8.629060745239258,
      17.43964385986328,
      9.118002891540527,
      28.801984786987305,
      13.844801902770996,
      36.46908950805664,
      14.34440803527832,
      35.529014587402344,
      12.239690780639648,
      24.57062530517578
    ],
    [
      2.2493419647216797,
      4.897939205169678,
      2.1483609676361084,
      4.721963405609131,
      3.32602858543396,
      7.62367582321167,
      5.786118507385254,
      7.85030460357666,
      8.664327621459961,
      9.062224388122559,
      8.430704116821289,
      12.248664855957031,
      11.840625762939453,
      14.34440803527832,
      17.92617416381836,
      16.00525665283203,
      16.116252899169922,
      13.362493515014648
    ],
    [
      2.578958749771118,
      15.94159984588623,
      1.4490070343017578,
      11.941669464111328,
      3.1589860916137695,
      15.953510284423828,
      8.000567436218262,
      16.618770599365234,
      10.651848793029785,
      18.526060104370117,
      10.167662620544434,
      28.938030242919922,
      13.967597007751465,
      35.529014587402344,
      16.00525665283203,
      47.436561584472656,
      14.906758308410645,
      32.749366760253906
    ],
    [
      1.2682733535766602,
      4.900283336639404,
      1.598897099494934,
      4.917081832885742,
      3.294828414916992,
      7.934671878814697,
      5.268929481506348,
      8.52552318572998,
      7.864058017730713,
      9.640506744384766,
      6.715318202972412,
      11.386290550231934,
      9.158221244812012,
      12.239690780639648,
      16.116252899169922,
      14.906758308410645,
      22.274185180664062,
      18.352798461914062
    ],
    [
      0.8861586451530457,
      11.484145164489746,
      1.1866191625595093,
      8.031135559082031,
      4.866462230682373,
      13.780867576599121,
      9.495664596557617,
      14.762040138244629,
      10.38606071472168,
      15.90927791595459,
      8.674553871154785,
      21.161191940307617,
      10.110230445861816,
      24.57062530517578,
      13.362493515014648,
      32.749366760253906,
      18.352798461914062,
      46.29131317138672
    ]
  ],
  "covariance_short": [
    [
      31.315279006958008,
      9.237213134765625,
      7.295555591583252,
      4.452414035797119,
      3.8177666664123535,
      3.2206943035125732,
      6.710757255554199,
      3.068032741546631,
      6.407392501831055,
      3.2579140663146973,
      5.894007205963135,
      4.302549839019775,
      6.047425270080566,
      5.507094383239746,
      4.571686744689941,
      3.7158327102661133,
      2.7888097763061523,
      2.7693405151367188
    ],
    [
      9.237213134765625,
      61.94899368286133,
      6.179482460021973,
      20.242244720458984,
      7.636738300323486,
      19.01498031616211,
      10.957883834838867,
      16.999881744384766,
      10.87694263458252,
      16.839487075805664,
      9.901031494140625,
      20.448226928710938,
      9.718194007873535,
      20.537324905395508,
      8.873872756958008,
      21.080060958862305,
      8.821404457092285,
      20.32495880126953
    ],
    [
      7.295555591583252,
      6.179482460021973,
      25.786081314086914,
      10.42098331451416,
      10.69322395324707,
      7.705642223358154,
      5.137473106384277,
      5.3130388259887695,
      10.01900577545166,
      7.889402866363525,
      9.391088485717773,
      7.6453633308410645,
      9.335551261901855,
      7.809391975402832,
      6.47050666809082,
      7.853543281555176,
      5.258161544799805,
      7.497474670410156
    ],
    [
      4.452414035797119,
      20.242244720458984,
      10.42098331451416,
      26.2512149810791,
      8.35180377960205,
      17.395750045776367,
      6.225087642669678,
      12.66178035736084,
      8.651775360107422,
      14.55311393737793,
      7.896277904510498,
      16.446056365966797,
      9.89903450012207,
      14.836362838745117,
      7.089457988739014,
      13.893282890319824,
      6.404232501983643,
      11.474470138549805
    ],
    [
      3.8177666664123535,
      7.636738300323486,
      10.69322395324707,
      8.35180377960205,
      33.221866607666016,
      13.3774995803833,
      18.870573043823242,
      7.584878921508789,
      16.71200942993164,
      7.503792762756348,
      16.302059173583984,
      7.186753749847412,
      10.481825828552246,
      7.042649745941162,
      9.310643196105957,
      9.154685020446777,
      6.780942916870117,
      11.252416610717773
    ],
    [
      3.2206943035125732,
      19.01498031616211,
      7.705642223358154,
      17.395750045776367,
      13.3774995803833,
      31.212350845336914,
      14.998832702636719,
      22.2717342376709,
      13.389765739440918,
      21.18207550048828,
      12.626073837280273,
      22.587236404418945,
      14.142899513244629,
      18.739288330078125,
      12.255200386047363,
      20.005428314208984,
      11.823613166809082,
      18.702768325805664
    ],
    [
      6.710757255554199,
      10.957883834838867,
      5.137473106384277,
      6.225087642669678,
      18.870573043823242,
      14.998832702636719,
      41.12043380737305,
      17.591793060302734,
      20.46340560913086,
      12.182271003723145,
      20.01497459411621,
      13.044658660888672,
      15.314668655395508,
      10.594199180603027,
      13.181538581848145,
      13.871142387390137,
      10.063907623291016,
      16.291139602661133
    ],
    [
      3.068032741546631,
      16.999881744384766,
      5.3130388259887695,
      12.66178035736084,
      7.584878921508789,
      22.2717342376709,
      17.591793060302734,
      30.037015914916992,
      12.50825023651123,
      22.919269561767578,
      12.431315422058105,
      24.295377731323242,
      13.95728588104248,
      19.05039405822754,
      12.174683570861816,
      19.29600715637207,
      11.867602348327637,
      18.253604888916016
    ],
    [
      6.407392501831055,
      10.87694263458252,
      10.01900577545166,
      8.651775360107422,
      16.71200942993164,
      13.389765739440918,
      20.46340560913086,
      12.50825023651123,
      34.254940032958984,
      18.925092697143555,
      22.99272346496582,
      17.821943283081055,
      20.254640579223633,
      15.856541633605957,
      16.76835823059082,
      18.58517074584961,
      14.142399787902832,
      19.747112274169922
    ],
    [
      3.2579140663146973,
      16.839487075805664,
      7.889402866363525,
      14.55311393737793,
      7.503792762756348,
      21.18207550048828,
      12.182271003723145,
      22.919269561767578,
      18.925092697143555,
      31.203432083129883,
      14.879549980163574,
      29.69777488708496,
      17.30774688720703,
      24.363433837890625,
      14.805442810058594,
      24.61224937438965,
      14.454038619995117,
      22.712379455566406
    ],
    [
      5.894007205963135,
      9.901031494140625,
      9.391088485717773,
      7.896277904510498,
      16.302059173583984,
      12.626073837280273,
      20.01497459411621,
      12.431315422058105,
      22.99272346496582,
      14.879549980163574,
      28.540613174438477,
      19.408416748046875,
      24.544933319091797,
      18.26660919189453,
      19.46454429626465,
      19.556119918823242,
      15.335243225097656,
      19.429847717285156
    ],
    [
      4.302549839019775,
      20.448226928710938,
      7.6453633308410645,
      16.446056365966797,
      7.186753749847412,
      22.587236404418945,
      13.044658660888672,
      24.295377731323242,
      17.821943283081055,
      29.69777488708496,
      19.408416748046875,
      41.98667526245117,
      24.32221221923828,
      36.66062927246094,
      20.49941062927246,
      35.21887969970703,
      18.415220260620117,
      29.40141487121582
    ],
    [
      6.047425270080566,
      9.718194007873535,
      9.335551261901855,
      9.89903450012207,
      10.481825828552246,
      14.142899513244629,
      15.314668655395508,
      13.95728588104248,
      20.254640579223633,
      17.30774688720703,
      24.544933319091797,
      24.32221221923828,
      37.52731704711914,
      27.87270736694336,
      28.538909912109375,
      28.58792495727539,
      22.955902099609375,
      25.98262596130371
    ],
    [
      5.507094383239746,
      20.537324905395508,
      7.809391975402832,
      14.836362838745117,
      7.042649745941162,
      18.739288330078125,
      10.594199180603027,
      19.05039405822754,
      15.856541633605957,
      24.363433837890625,
      18.26660919189453,
      36.66062927246094,
      27.87270736694336,
      48.862220764160156,
      24.987045288085938,
      44.2686882019043,
      21.983531951904297,
      36.68699264526367
    ],
    [
      4.571686744689941,
      8.873872756958008,
      6.47050666809082,
      7.089457988739014,
      9.310643196105957,
      12.255200386047363,
      13.181538581848145,
      12.174683570861816,
      16.76835823059082,
      14.805442810058594,
      19.46454429626465,
      20.49941062927246,
      28.538909912109375,
      24.987045288085938,
      35.6649055480957,
      28.700525283813477,
      30.535938262939453,
      29.41393280029297
    ],
    [
      3.7158327102661133,
      21.080060958862305,
      7.853543281555176,
      13.893282890319824,
      9.154685020446777,
      20.005428314208984,
      13.871142387390137,
      19.29600715637207,
      18.58517074584961,
      24.61224937438965,
      19.556119918823242,
      35.21887969970703,
      28.58792495727539,
      44.2686882019043,
      28.700525283813477,
      59.07421112060547,
      27.309833526611328,
      48.321815490722656
    ],
    [
      2.7888097763061523,
      8.821404457092285,
      5.258161544799805,
      6.404232501983643,
      6.780942916870117,
      11.823613166809082,
      10.063907623291016,
      11.867602348327637,
      14.142399787902832,
      14.454038619995117,
      15.335243225097656,
      18.415220260620117,
      22.955902099609375,
      21.983531951904297,
      30.535938262939453,
      27.309833526611328,
      39.17970275878906,
      35.053802490234375
    ],
    [
      2.7693405151367188,
      20.32495880126953,
      7.497474670410156,
      11.474470138549805,
      11.252416610717773,
      18.702768325805664,
      16.291139602661133,
      18.253604888916016,
      19.747112274169922,
      22.712379455566406,
      19.429847717285156,
      29.40141487121582,
      25.98262596130371,
      36.68699264526367,
      29.41393280029297,
      48.321815490722656,
      35.053802490234375,
      66.90955352783203
    ]
  ],
  "drr": 16.890888214111328,
  "dynamics": 2.082963466644287,
  "format": 1245190,
  "frames": 9842624,
  "loudness": -9.161603927612305,
  "loudness_range": 3.950094223022461,
  "loudness_range_short": 8.12838363647461,
  "peak": 0.37423932552337646,
  "rms": -11.222189903259277,
  "sample_rate": 44100,
  "sections": 1,
  "seekable": 1,
  "sharpness": 2.776038646697998,
  "space": -10.296048164367676
}