{
  "bands": [
    {
      "high_freq": 148.1999969482422,
      "loudness": -21.776784896850586,
      "loudness_range": 10.161179542541504,
      "mid_mean": -18.268510818481445,
      "mid_to_side_loudness": -21.352394104003906,
      "mid_to_side_loudness_range": 21.746543884277344,
      "side_mean": -41.25703430175781
    },
    {
      "high_freq": 392.3793640136719,
      "loudness": -19.8830623626709,
      "loudness_range": 9.10216999053955,
      "low_freq": 148.1999969482422,
      "mid_mean": -16.91889190673828,
      "mid_to_side_loudness": -8.399870872497559,
      "mid_to_side_loudness_range": 10.402515411376953,
      "side_mean": -25.429346084594727
    },
    {
      "high_freq": 794.6976318359375,
      "loudness": -21.68081283569336,
      "loudness_range": 13.210744857788086,
      "low_freq": 392.3793640136719,
      "mid_mean": -19.093624114990234,
      "mid_to_side_loudness": -7.029644012451172,
      "mid_to_side_loudness_range": 14.18431282043457,
      "side_mean": -26.314985275268555
    },
    {
      "high_freq": 1457.5709228515625,
      "loudness": -25.938676834106445,
      "loudness_range": 16.919076919555664,
      "low_freq": 794.6976318359375,
      "mid_mean": -24.243141174316406,
      "mid_to_side_loudness": -3.6709907054901123,
      "mid_to_side_loudness_range": 13.245904922485352,
      "side_mean": -28.003957748413086
    },
    {
      "high_freq": 2549.74365234375,
      "loudness": -25.750078201293945,
      "loudness_range": 14.901208877563477,
      "low_freq": 1457.5709228515625,
      "mid_mean": -23.893823623657227,
      "mid_to_side_loudness": -3.5731394290924072,
      "mid_to_side_loudness_range": 10.091654777526855,
      "side_mean": -27.563358306884766
    },
    {
      "high_freq": 4349.24462890625,
      "loudness": -27.073793411254883,
      "loudness_range": 15.419347763061523,
      "low_freq": 2549.74365234375,
      "mid_mean": -24.729991912841797,
      "mid_to_side_loudness": -5.227048397064209,
      "mid_to_side_loudness_range": 10.957259178161621,
      "side_mean": -30.019195556640625
    },
    {
      "high_freq": 7314.1640625,
      "loudness": -29.64285659790039,
      "loudness_range": 15.10247802734375,
      "low_freq": 4349.24462890625,
      "mid_mean": -26.492176055908203,
      "mid_to_side_loudness": -10.258401870727539,
      "mid_to_side_loudness_range": 12.504474639892578,
      "side_mean": -36.58580017089844
    },
    {
      "high_freq": 12199.2666015625,
      "loudness": -32.43149948120117,
      "loudness_range": 15.197256088256836,
      "low_freq": 7314.1640625,
      "mid_mean": -29.314115524291992,
      "mid_to_side_loudness": -10.744667053222656,
      "mid_to_side_loudness_range": 13.960504531860352,
      "side_mean": -39.30860900878906
    },
    {
      "loudness": -40.935726165771484,
      "loudness_range": 15.458248138427734,
      "low_freq": 12199.2666015625,
      "mid_mean": -37.964054107666016,
      "mid_to_side_loudness": -9.141406059265137,
      "mid_to_side_loudness_range": 11.781110763549805,
      "side_mean": -48.53742980957031
    }
  ],
  "bands_short": [
    {
      "high_freq": 148.1999969482422,
      "loudness": -25.802888870239258,
      "loudness_range": 24.895580291748047,
      "mid_mean": -22.28973960876465,
      "mid_to_side_loudness": -21.045726776123047,
      "mid_to_side_loudness_range": 26.17736053466797,
      "side_mean": -45.012229919433594
    },
    {
      "high_freq": 392.3793640136719,
      "loudness": -20.384431838989258,
      "loudness_range": 11.652871131896973,
      "low_freq": 148.1999969482422,
      "mid_mean": -17.492340087890625,
      "mid_to_side_loudness": -8.750993728637695,
      "mid_to_side_loudness_range": 14.264277458190918,
      "side_mean": -26.388795852661133
    },
    {
      "high_freq": 794.6976318359375,
      "loudness": -21.94967269897461,
      "loudness_range": 14.144917488098145,
      "low_freq": 392.3793640136719,
      "mid_mean": -19.507877349853516,
      "mid_to_side_loudness": -6.651159286499023,
      "mid_to_side_loudness_range": 15.426420211791992,
      "side_mean": -26.34334373474121
    },
    {
      "high_freq": 1457.5709228515625,
      "loudness": -26.088258743286133,
      "loudness_range": 18.626392364501953,
      "low_freq": 794.6976318359375,
      "mid_mean": -24.640409469604492,
      "mid_to_side_loudness": -3.274287223815918,
      "mid_to_side_loudness_range": 14.86274528503418,
      "side_mean": -28.028459548950195
    },
    {
      "high_freq": 2549.74365234375,
      "loudness": -26.350387573242188,
      "loudness_range": 16.51813316345215,
      "low_freq": 1457.5709228515625,
      "mid_mean": -24.636505126953125,
      "mid_to_side_loudness": -3.4202091693878174,
      "mid_to_side_loudness_range": 12.034902572631836,
      "side_mean": -28.196617126464844
    },
    {
      "high_freq": 4349.24462890625,
      "loudness": -27.585580825805664,
      "loudness_range": 17.792268753051758,
      "low_freq": 2549.74365234375,
      "mid_mean": -25.382490158081055,
      "mid_to_side_loudness": -4.91637659072876,
      "mid_to_side_loudness_range": 12.496464729309082,
      "side_mean": -30.342185974121094
    },
    {
      "high_freq": 7314.1640625,
      "loudness": -30.983718872070312,
      "loudness_range": 19.193906784057617,
      "low_freq": 4349.24462890625,
      "mid_mean": -28.06437110900879,
      "mid_to_side_loudness": -9.486919403076172,
      "mid_to_side_loudness_range": 15.335424423217773,
      "side_mean": -37.36742401123047
    },
    {
      "high_freq": 12199.2666015625,
      "loudness": -34.730892181396484,
      "loudness_range": 21.95652198791504,
      "low_freq": 7314.1640625,
      "mid_mean": -31.785306930541992,
      "mid_to_side_loudness": -10.074955940246582,
      "mid_to_side_loudness_range": 16.475481033325195,
      "side_mean": -41.614097595214844
    },
    {
      "loudness": -44.66559600830078,
      "loudness_range": 24.581151962280273,
      "low_freq": 12199.2666015625,
      "mid_mean": -41.96839904785156,
      "mid_to_side_loudness": -8.456302642822266,
      "mid_to_side_loudness_range": 15.45276165008545,
      "side_mean": -52.36137390136719
    }
  ],
  "channels": 2,
  "covariance": [
    [
      35.54307174682617,
      15.16125202178955,
      4.328458309173584,
      5.789991855621338,
      5.740542411804199,
      9.283232688903809,
      7.622056007385254,
      8.790043830871582,
      9.407514572143555,
      11.816803932189941,
      11.504575729370117,
      17.116554260253906,
      10.885047912597656,
      18.071231842041016,
      10.981952667236328,
      13.045778274536133,
      12.127725601196289,
      25.703720092773438
    ],
    [
      15.16125202178955,
      44.591590881347656,
      11.650975227355957,
      16.2609920501709,
      16.955488204956055,
      22.67789077758789,
      23.56281089782715,
      27.008785247802734,
      21.590063095092773,
      26.483840942382812,
      22.598827362060547,
      34.113006591796875,
      19.099775314331055,
      27.149471282958984,
      15.698958396911621,
      18.52039909362793,
      10.276021003723145,
      27.67974281311035
    ],
    [
      4.328458309173584,
      11.650975227355957,
      14.356006622314453,
      8.102188110351562,
      11.400115013122559,
      9.248773574829102,
      12.146525382995605,
      10.536706924438477,
      11.345321655273438,
      11.227168083190918,
      10.692228317260742,
      14.056233406066895,
      10.600129127502441,
      11.2263822555542,
      9.111794471740723,
      6.76193904876709,
      6.548681259155273,
      16.62548065185547
    ],
    [
      5.789991855621338,
      16.2609920501709,
      8.102188110351562,
      16.38880157470703,
      9.465438842773438,
      14.743046760559082,
      13.764015197753906,
      18.17508316040039,
      12.4139986038208,
      17.84750747680664,
      13.837568283081055,
      21.382978439331055,
      11.353947639465332,
      15.71141242980957,
      9.239023208618164,
      11.204452514648438,
      6.202792167663574,
      15.439929008483887
    ],
    [
      5.740542411804199,
      16.955488204956055,
      11.400115013122559,
      9.465438842773438,
      26.316604614257812,
      15.479957580566406,
      23.28247833251953,
      17.079206466674805,
      18.843915939331055,
      16.711441040039062,
      16.672016143798828,
      18.940399169921875,
      12.25979995727539,
      15.234336853027344,
      9.843855857849121,
      9.024299621582031,
      6.106546878814697,
      17.88775634765625
    ],
    [
      9.283232688903809,
      22.67789077758789,
      9.248773574829102,
      14.743046760559082,
      15.479957580566406,
      29.09487533569336,
      21.58139991760254,
      30.081085205078125,
      20.535924911499023,
      29.780649185180664,
      19.610511779785156,
      31.94430160522461,
      14.459799766540527,
      22.579774856567383,
      12.44345474243164,
      17.959632873535156,
      9.274820327758789,
      21.007171630859375
    ],
    [
      7.622056007385254,
      23.56281089782715,
      12.146525382995605,
      13.764015197753906,
      23.28247833251953,
      21.58139991760254,
      39.50141906738281,
      29.098957061767578,
      27.32952117919922,
      25.951215744018555,
      22.334508895874023,
      27.95026397705078,
      16.297670364379883,
      22.070436477661133,
      11.632223129272461,
      14.86501407623291,
      7.815035820007324,
      22.291282653808594
    ],
    [
      8.790043830871582,
      27.008785247802734,
      10.536706924438477,
      18.17508316040039,
      17.079206466674805,
      30.081085205078125,
      29.098957061767578,
      41.63446044921875,
      24.881305694580078,
      35.55714416503906,
      24.242944717407227,
      37.59027862548828,
      18.811628341674805,
      28.195133209228516,
      15.305834770202637,
      22.031578063964844,
      10.563312530517578,
      23.447322845458984
    ],
    [
      9.407514572143555,
      21.590063095092773,
      11.345321655273438,
      12.4139986038208,
      18.843915939331055,
      20.535924911499023,
      27.32952117919922,
      24.881305694580078,
      28.724111557006836,
      26.040876388549805,
      22.941123962402344,
      28.97429656982422,
      17.66756248474121,
      22.93019676208496,
      14.329473495483398,
      16.97498893737793,
      11.034234046936035,
      25.281965255737305
    ],
    [
      11.816803932189941,
      26.483840942382812,
      11.227168083190918,
      17.84750747680664,
      16.711441040039062,
      29.780649185180664,
      25.951215744018555,
      35.55714416503906,
      26.040876388549805,
      37.67067337036133,
      25.224132537841797,
      40.065277099609375,
      19.547988891601562,
      29.250043869018555,
      16.663206100463867,
      23.035995483398438,
      13.426316261291504,
      27.2193546295166
    ],
    [
      11.504575729370117,
      22.598827362060547,
      10.692228317260742,
      13.837568283081055,
      16.672016143798828,
      19.610511779785156,
      22.334508895874023,
      24.242944717407227,
      22.941123962402344,
      25.224132537841797,
      28.87156867980957,
      32.26121139526367,
      22.965904235839844,
      27.691370010375977,
      18.618709564208984,
      19.9764347076416,
      14.785289764404297,
      27.675928115844727
    ],
    [
      17.116554260253906,
      34.113006591796875,
      14.056233406066895,
      21.382978439331055,
      18.940399169921875,
      31.94430160522461,
      27.95026397705078,
      37.59027862548828,
      28.97429656982422,
      40.065277099609375,
      32.26121139526367,
      55.227664947509766,
      25.807504653930664,
      38.731319427490234,
      21.538467407226562,
      27.464143753051758,
      17.28550148010254,
      36.359127044677734
    ],
    [
      10.885047912597656,
      19.099775314331055,
      10.600129127502441,
      11.353947639465332,
      12.25979995727539,
      14.459799766540527,
      16.297670364379883,
      18.811628341674805,
      17.66756248474121,
      19.547988891601562,
      22.965904235839844,
      25.807504653930664,
      32.76759338378906,
      28.774307250976562,
      28.091773986816406,
      21.850263595581055,
      22.869888305664062,
      31.520465850830078
    ],
    [
      18.071231842041016,
      27.149471282958984,
      11.2263822555542,
      15.71141242980957,
      15.234336853027344,
      22.579774856567383,
      22.070436477661133,
      28.195133209228516,
      22.93019676208496,
      29.250043869018555,
      27.691370010375977,
      38.731319427490234,
      28.774307250976562,
      46.0811767578125,
      26.46255111694336,
      31.13074493408203,
      23.704280853271484,
      40.35901641845703
    ],
    [
      10.981952667236328,
      15.698958396911621,
      9.111794471740723,
      9.239023208618164,
      9.843855857849121,
      12.44345474243164,
      11.632223129272461,
      15.305834770202637,
      14.329473495483398,
      16.663206100463867,
      18.618709564208984,
      21.538467407226562,
      28.091773986816406,
      26.46255111694336,
      34.992713928222656,
      24.033185958862305,
      28.707971572875977,
      29.90485191345215
    ],
    [
      13.045778274536133,
      18.52039909362793,
      6.76193904876709,
      11.204452514648438,
      9.024299621582031,
      17.959632873535156,
      14.86501407623291,
      22.031578063964844,
      16.97498893737793,
      23.035995483398438,
      19.9764347076416,
      27.464143753051758,
      21.850263595581055,
      31.13074493408203,
      24.033185958862305,
      39.401424407958984,
      25.07608985900879,
      32.14894485473633
    ],
    [
      12.127725601196289,
      10.276021003723145,
      6.548681259155273,
      6.202792167663574,
      6.106546878814697,
      9.274820327758789,
      7.815035820007324,
      10.563312530517578,
      11.034234046936035,
      13.426316261291504,
      14.785289764404297,
      17.28550148010254,
      22.869888305664062,
      23.704280853271484,
      28.707971572875977,
      25.07608985900879,
      34.9073600769043,
      34.11121368408203
    ],
    [
      25.703720092773438,
      27.67974281311035,
      16.62548065185547,
      15.439929008483887,
      17.88775634765625,
      21.007171630859375,
      22.291282653808594,
      23.447322845458984,
      25.281965255737305,
      27.2193546295166,
      27.675928115844727,
      36.359127044677734,
      31.520465850830078,
      40.35901641845703,
      29.90485191345215,
      32.14894485473633,
      34.11121368408203,
      74.68316650390625
    ]
  ],
  "covariance_short": [
    [
      68.65086364746094,
      23.304784774780273,
      9.217710494995117,
      5.110490322113037,
      5.084373474121094,
      6.940648555755615,
      7.745129108428955,
      8.711548805236816,
      9.841283798217773,
      12.230278015136719,
      12.136178016662598,
      15.801076889038086,
      13.785359382629395,
      16.57274627685547,
      13.93681526184082,
      16.98982810974121,
      17.306108474731445,
      29.10789680480957
    ],
    [
      23.304784774780273,
      52.701927185058594,
      12.166248321533203,
      16.006906509399414,
      12.598052024841309,
      15.581730842590332,
      19.659637451171875,
      22.550281524658203,
      18.510374069213867,
      22.93613624572754,
      21.067890167236328,
      29.79686164855957,
      20.459741592407227,
      26.39374351501465,
      18.608854293823242,
      23.39138412475586,
      16.404211044311523,
      32.171600341796875
    ],
    [
      9.217710494995117,
      12.166248321533203,
      20.738672256469727,
      9.309402465820312,
      11.458511352539062,
      8.003217697143555,
      12.35948371887207,
      10.989995002746582,
      11.640923500061035,
      12.372952461242676,
      12.432148933410645,
      15.077349662780762,
      13.107320785522461,
      13.029645919799805,
      12.490074157714844,
      11.842717170715332,
      12.544246673583984,
      20.349430084228516
    ],
    [
      5.110490322113037,
      16.006906509399414,
      9.309402465820312,
      22.775672912597656,
      10.049959182739258,
      15.143123626708984,
      15.916214942932129,
      21.220844268798828,
      14.36480712890625,
      21.316617965698242,
      16.691097259521484,
      24.708574295043945,
      14.980533599853516,
      19.93577003479004,
      13.010581970214844,
      17.821672439575195,
      9.859609603881836,
      20.7545108795166
    ],
    [
      5.084373474121094,
      12.598052024841309,
      11.458511352539062,
      10.049959182739258,
      30.145240783691406,
      14.073974609375,
      25.545331954956055,
      18.339221954345703,
      20.110631942749023,
      17.805797576904297,
      19.168859481811523,
      19.938966751098633,
      14.285218238830566,
      16.4444580078125,
      12.534524917602539,
      13.461620330810547,
      11.934776306152344,
      19.88142204284668
    ],
    [
      6.940648555755615,
      15.581730842590332,
      8.003217697143555,
      15.143123626708984,
      14.073974609375,
      26.11060333251953,
      20.751773834228516,
      27.57779312133789,
      19.130891799926758,
      27.270544052124023,
      19.907880783081055,
      28.41999053955078,
      15.761795997619629,
      21.84529685974121,
      13.404722213745117,
      20.113048553466797,
      10.62120532989502,
      22.694183349609375
    ],
    [
      7.745129108428955,
      19.659637451171875,
      12.35948371887207,
      15.916214942932129,
      25.545331954956055,
      20.751773834228516,
      47.8255729675293,
      32.562255859375,
      31.723005294799805,
      29.944726943969727,
      27.99715805053711,
      31.546340942382812,
      22.489582061767578,
      26.52570152282715,
      17.878774642944336,
      23.321151733398438,
      17.761930465698242,
      31.37041473388672
    ],
    [
      8.711548805236816,
      22.550281524658203,
      10.989995002746582,
      21.220844268798828,
      18.339221954345703,
      27.57779312133789,
      32.562255859375,
      47.10245895385742,
      27.612415313720703,
      39.775421142578125,
      28.575979232788086,
      41.504600524902344,
      24.010576248168945,
      33.4116325378418,
      20.375125885009766,
      31.026872634887695,
      16.123815536499023,
      34.345638275146484
    ],
    [
      9.841283798217773,
      18.510374069213867,
      11.640923500061035,
      14.36480712890625,
      20.110631942749023,
      19.130891799926758,
      31.723005294799805,
      27.612415313720703,
      35.08005142211914,
      29.45895004272461,
      28.859270095825195,
      32.26268768310547,
      23.781036376953125,
      26.950031280517578,
      20.202823638916016,
      24.090871810913086,
      19.159624099731445,
      31.568294525146484
    ],
    [
      12.230278015136719,
      22.93613624572754,
      12.372952461242676,
      21.316617965698242,
      17.805797576904297,
      27.270544052124023,
      29.944726943969727,
      39.775421142578125,
      29.45895004272461,
      44.253631591796875,
      30.438369750976562,
      44.36210250854492,
      25.57870101928711,
      35.10557174682617,
      21.81105613708496,
      31.91752815246582,
      18.799375534057617,
      37.520294189453125
    ],
    [
      12.136178016662598,
      21.067890167236328,
      12.432148933410645,
      16.691097259521484,
      19.168859481811523,
      19.907880783081055,
      27.99715805053711,
      28.575979232788086,
      28.859270095825195,
      30.438369750976562,
      39.328243255615234,
      37.83539581298828,
      33.84550857543945,
      35.48044967651367,
      28.90644645690918,
      31.675174713134766,
      26.81512451171875,
      38.91400909423828
    ],
    [
      15.801076889038086,
      29.79686164855957,
      15.077349662780762,
      24.708574295043945,
      19.938966751098633,
      28.41999053955078,
      31.546340942382812,
      41.504600524902344,
      32.26268768310547,
      44.36210250854492,
      37.83539581298828,
      62.068077087402344,
      32.41014862060547,
      45.99502182006836,
      27.618648529052734,
      38.96219253540039,
      23.83394432067871,
      46.54825210571289
    ],
    [
      13.785359382629395,
      20.459741592407227,
      13.107320785522461,
      14.980533599853516,
      14.285218238830566,
      15.761795997619629,
      22.489582061767578,
      24.010576248168945,
      23.781036376953125,
      25.57870101928711,
      33.84550857543945,
      32.41014862060547,
      53.296234130859375,
      40.39988327026367,
      49.83116912841797,
      42.479373931884766,
      47.79989242553711,
      49.807373046875
    ],
    [
      16.57274627685547,
      26.39374351501465,
      13.029645919799805,
      19.93577003479004,
      16.4444580078125,
      21.84529685974121,
      26.52570152282715,
      33.4116325378418,
      26.950031280517578,
      35.10557174682617,
      35.48044967651367,
      45.99502182006836,
      40.39988327026367,
      58.797874450683594,
      38.71464538574219,
      49.8289680480957,
      38.211936950683594,
      57.18404006958008
    ],
    [
      13.93681526184082,
      18.608854293823242,
      12.490074157714844,
      13.010581970214844,
      12.534524917602539,
      13.404722213745117,
      17.878774642944336,
      20.375125885009766,
      20.202823638916016,
      21.81105613708496,
      28.90644645690918,
      27.618648529052734,
      49.83116912841797,
      38.71464538574219,
      64.28929138183594,
      49.602294921875,
      60.92207717895508,
      53.027767181396484
    ],
    [
      16.98982810974121,
      23.39138412475586,
      11.842717170715332,
      17.821672439575195,
      13.461620330810547,
      20.113048553466797,
      23.321151733398438,
      31.026872634887695,
      24.090871810913086,
      31.91752815246582,
      31.675174713134766,
      38.96219253540039,
      42.479373931884766,
      49.8289680480957,
      49.602294921875,
      69.58856201171875,
      52.26995086669922,
      65.11774444580078
    ],
    [
      17.306108474731445,
      16.404211044311523,
      12.544246673583984,
      9.859609603881836,
      11.934776306152344,
      10.62120532989502,
      17.761930465698242,
      16.123815536499023,
      19.159624099731445,
      18.799375534057617,
      26.81512451171875,
      23.83394432067871,
      47.79989242553711,
      38.211936950683594,
      60.92207717895508,
      52.26995086669922,
      77.17333221435547,
      66.0719223022461
    ],
    [
      29.10789680480957,
      32.171600341796875,
      20.349430084228516,
      20.7545108795166,
      19.88142204284668,
      22.694183349609375,
      31.37041473388672,
      34.345638275146484,
      31.568294525146484,
      37.520294189453125,
      38.91400909423828,
      46.54825210571289,
      49.807373046875,
      57.18404006958008,
      53.027767181396484,
      65.11774444580078,
      66.0719223022461,
      101.90029907226562
    ]
  ],
  "drr": 14.887577056884766,
  "dynamics": 3.251873731613159,
  "format": 1245190,
  "frames": 10260480,
  "loudness": -10.671162605285645,
  "loudness_range": 8.975353240966797,
  "loudness_range_short": 10.670892715454102,
  "peak": 0.6255176067352295,
  "rms": -12.352169036865234,
  "sample_rate": 44100,
  "sections": 1,
  "seekable": 1,
  "sharpness": 2.3315887451171875,
  "space": -7.979680061340332
}