{
  "bands": [
    {
      "high_freq": 148.1999969482422,
      "loudness": -23.14520835876465,
      "loudness_range": 7.908018112182617,
      "mid_mean": -19.550443649291992,
      "mid_to_side_loudness": -21.173629760742188,
      "mid_to_side_loudness_range": 20.822463989257812,
      "side_mean": -40.81499099731445
    },
    {
      "high_freq": 392.3793640136719,
      "loudness": -19.70635414123535,
      "loudness_range": 6.015935897827148,
      "low_freq": 148.1999969482422,
      "mid_mean": -16.512779235839844,
      "mid_to_side_loudness": -10.232666015625,
      "mid_to_side_loudness_range": 10.589151382446289,
      "side_mean": -26.88617515563965
    },
    {
      "high_freq": 794.6976318359375,
      "loudness": -21.561189651489258,
      "loudness_range": 15.426432609558105,
      "low_freq": 392.3793640136719,
      "mid_mean": -18.692153930664062,
      "mid_to_side_loudness": -8.528626441955566,
      "mid_to_side_loudness_range": 13.614416122436523,
      "side_mean": -27.401948928833008
    },
    {
      "high_freq": 1457.5709228515625,
      "loudness": -26.517208099365234,
      "loudness_range": 18.13237953186035,
      "low_freq": 794.6976318359375,
      "mid_mean": -24.22438621520996,
      "mid_to_side_loudness": -5.81141996383667,
      "mid_to_side_loudness_range": 14.702985763549805,
      "side_mean": -30.267210006713867
    },
    {
      "high_freq": 2549.74365234375,
      "loudness": -26.884950637817383,
      "loudness_range": 12.167230606079102,
      "low_freq": 1457.5709228515625,
      "mid_mean": -24.529476165771484,
      "mid_to_side_loudness": -5.431641101837158,
      "mid_to_side_loudness_range": 11.28036880493164,
      "side_mean": -30.116668701171875
    },
    {
      "high_freq": 4349.24462890625,
      "loudness": -24.921642303466797,
      "loudness_range": 10.878589630126953,
      "low_freq": 2549.74365234375,
      "mid_mean": -22.58980941772461,
      "mid_to_side_loudness": -5.356617450714111,
      "mid_to_side_loudness_range": 11.191712379455566,
      "side_mean": -28.09886360168457
    },
    {
      "high_freq": 7314.1640625,
      "loudness": -32.0101318359375,
      "loudness_range": 13.688617706298828,
      "low_freq": 4349.24462890625,
      "mid_mean": -29.675024032592773,
      "mid_to_side_loudness": -5.283616065979004,
      "mid_to_side_loudness_range": 10.292136192321777,
      "side_mean": -35.07094955444336
    },
    {
      "high_freq": 12199.2666015625,
      "loudness": -37.44036102294922,
      "loudness_range": 16.768598556518555,
      "low_freq": 7314.1640625,
      "mid_mean": -34.51999282836914,
      "mid_to_side_loudness": -8.110926628112793,
      "mid_to_side_loudness_range": 10.809256553649902,
      "side_mean": -42.8263053894043
    },
    {
      "loudness": -41.887359619140625,
      "loudness_range": 16.400802612304688,
      "low_freq": 12199.2666015625,
      "mid_mean": -38.90932846069336,
      "mid_to_side_loudness": -8.395636558532715,
      "mid_to_side_loudness_range": 10.604547500610352,
      "side_mean": -47.51408767700195
    }
  ],
  "bands_short": [
    {
      "high_freq": 148.1999969482422,
      "loudness": -25.8970947265625,
      "loudness_range": 10.510993957519531,
      "mid_mean": -22.3094539642334,
      "mid_to_side_loudness": -22.183923721313477,
      "mid_to_side_loudness_range": 21.37650489807129,
      "side_mean": -44.73794937133789
    },
    {
      "high_freq": 392.3793640136719,
      "loudness": -19.28118133544922,
      "loudness_range": 7.324666976928711,
      "low_freq": 148.1999969482422,
      "mid_mean": -16.069446563720703,
      "mid_to_side_loudness": -11.231968879699707,
      "mid_to_side_loudness_range": 13.34648323059082,
      "side_mean": -27.399269104003906
    },
    {
      "high_freq": 794.6976318359375,
      "loudness": -22.239543914794922,
      "loudness_range": 17.658924102783203,
      "low_freq": 392.3793640136719,
      "mid_mean": -19.615087509155273,
      "mid_to_side_loudness": -7.919933795928955,
      "mid_to_side_loudness_range": 16.368736267089844,
      "side_mean": -27.696552276611328
    },
    {
      "high_freq": 1457.5709228515625,
      "loudness": -27.157821655273438,
      "loudness_range": 20.067188262939453,
      "low_freq": 794.6976318359375,
      "mid_mean": -25.134414672851562,
      "mid_to_side_loudness": -5.261500358581543,
      "mid_to_side_loudness_range": 17.30659294128418,
      "side_mean": -30.70611572265625
    },
    {
      "high_freq": 2549.74365234375,
      "loudness": -27.78194236755371,
      "loudness_range": 14.736953735351562,
      "low_freq": 1457.5709228515625,
      "mid_mean": -25.68470001220703,
      "mid_to_side_loudness": -4.9734625816345215,
      "mid_to_side_loudness_range": 13.628881454467773,
      "side_mean": -30.81368637084961
    },
    {
      "high_freq": 4349.24462890625,
      "loudness": -25.63637351989746,
      "loudness_range": 14.446611404418945,
      "low_freq": 2549.74365234375,
      "mid_mean": -23.47086524963379,
      "mid_to_side_loudness": -5.1706862449646,
      "mid_to_side_loudness_range": 13.652701377868652,
      "side_mean": -28.86940574645996
    },
    {
      "high_freq": 7314.1640625,
      "loudness": -34.130191802978516,
      "loudness_range": 19.41310691833496,
      "low_freq": 4349.24462890625,
      "mid_mean": -32.268795013427734,
      "mid_to_side_loudness": -4.0118865966796875,
      "mid_to_side_loudness_range": 11.539855003356934,
      "side_mean": -36.29519271850586
    },
    {
      "high_freq": 12199.2666015625,
      "loudness": -40.96706008911133,
      "loudness_range": 24.512393951416016,
      "low_freq": 7314.1640625,
      "mid_mean": -38.25228500366211,
      "mid_to_side_loudness": -7.787765979766846,
      "mid_to_side_loudness_range": 17.357421875,
      "side_mean": -46.993446350097656
    },
    {
      "loudness": -48.97420120239258,
      "loudness_range": 33.79893493652344,
      "low_freq": 12199.2666015625,
      "mid_mean": -46.293312072753906,
      "mid_to_side_loudness": -9.479948997497559,
      "mid_to_side_loudness_range": 18.39200782775879,
      "side_mean": -55.714080810546875
    }
  ],
  "channels": 2,
  "covariance": [
    [
      10.843738555908203,
      10.495782852172852,
      1.1361441612243652,
      1.8931728601455688,
      -2.7484757900238037,
      -1.3240089416503906,
      -2.9166972637176514,
      -1.4943382740020752,
      -0.844002366065979,
      -0.4083597660064697,
      0.31489062309265137,
      0.3639337420463562,
      1.8844454288482666,
      1.0000958442687988,
      1.3975967168807983,
      2.5335381031036377,
      0.28821638226509094,
      2.335897445678711
    ],
    [
      10.495782852172852,
      56.6256217956543,
      4.695790767669678,
      11.643983840942383,
      8.706385612487793,
      12.96167278289795,
      14.769925117492676,
      19.204896926879883,
      13.745583534240723,
      17.676799774169922,
      14.62267780303955,
      17.59517478942871,
      12.563124656677246,
      16.01630210876465,
      13.361605644226074,
      17.492504119873047,
      4.488408088684082,
      7.735480308532715
    ],
    [
      1.1361441612243652,
      4.695790767669678,
      5.899643421173096,
      3.378594160079956,
      1.9326732158660889,
      2.231266736984253,
      1.2967604398727417,
      2.242394208908081,
      2.8583223819732666,
      2.946838855743408,
      2.8472516536712646,
      2.7712316513061523,
      3.1220765113830566,
      3.3318159580230713,
      3.073195695877075,
      4.111458778381348,
      0.8138009309768677,
      2.9161839485168457
    ],
    [
      1.8931728601455688,
      11.643983840942383,
      3.378594160079956,
      14.322853088378906,
      3.1695621013641357,
      6.171413421630859,
      5.150782585144043,
      8.80172348022461,
      5.693837642669678,
      8.852852821350098,
      5.296998977661133,
      7.66605281829834,
      5.01623010635376,
      7.757970333099365,
      3.0948150157928467,
      6.198403835296631,
      -0.19428828358650208,
      2.224813222885132
    ],
    [
      -2.7484757900238037,
      8.706385612487793,
      1.9326732158660889,
      3.1695621013641357,
      35.62887191772461,
      16.464059829711914,
      28.858362197875977,
      15.120993614196777,
      15.933320999145508,
      10.072423934936523,
      11.5169677734375,
      7.322519779205322,
      4.681084156036377,
      4.726553916931152,
      9.011455535888672,
      5.438157081604004,
      6.568162441253662,
      3.8618805408477783
    ],
    [
      -1.3240089416503906,
      12.96167278289795,
      2.231266736984253,
      6.171413421630859,
      16.464059829711914,
      19.554609298706055,
      18.415903091430664,
      21.45143699645996,
      12.615276336669922,
      16.22402572631836,
      9.632932662963867,
      11.642699241638184,
      7.215246200561523,
      11.341922760009766,
      7.421329021453857,
      9.433147430419922,
      4.365449905395508,
      4.702157020568848
    ],
    [
      -2.9166972637176514,
      14.769925117492676,
      1.2967604398727417,
      5.150782585144043,
      28.858362197875977,
      18.415903091430664,
      42.23799514770508,
      25.864957809448242,
      18.006534576416016,
      14.860346794128418,
      13.270997047424316,
      10.997354507446289,
      7.054705619812012,
      8.854043960571289,
      9.844775199890137,
      8.362348556518555,
      7.224987506866455,
      4.531127452850342
    ],
    [
      -1.4943382740020752,
      19.204896926879883,
      2.242394208908081,
      8.80172348022461,
      15.120993614196777,
      21.45143699645996,
      25.864957809448242,
      36.86394500732422,
      15.806139945983887,
      23.218290328979492,
      12.496782302856445,
      16.42733383178711,
      10.455267906188965,
      17.083986282348633,
      9.32006549835205,
      14.052047729492188,
      4.921548366546631,
      6.203358173370361
    ],
    [
      -0.844002366065979,
      13.745583534240723,
      2.8583223819732666,
      5.693837642669678,
      15.933320999145508,
      12.615276336669922,
      18.006534576416016,
      15.806139945983887,
      22.926151275634766,
      15.03964614868164,
      15.609546661376953,
      11.350244522094727,
      9.60767650604248,
      9.521618843078613,
      9.995976448059082,
      9.42941665649414,
      5.105425834655762,
      5.596531391143799
    ],
    [
      -0.4083597660064697,
      17.676799774169922,
      2.946838855743408,
      8.852852821350098,
      10.072423934936523,
      16.22402572631836,
      14.860346794128418,
      23.218290328979492,
      15.03964614868164,
      23.633190155029297,
      12.816933631896973,
      18.339832305908203,
      11.376982688903809,
      17.782014846801758,
      8.480706214904785,
      13.455129623413086,
      3.8161230087280273,
      6.907237529754639
    ],
    [
      0.31489062309265137,
      14.62267780303955,
      2.8472516536712646,
      5.296998977661133,
      11.5169677734375,
      9.632932662963867,
      13.270997047424316,
      12.496782302856445,
      15.609546661376953,
      12.816933631896973,
      19.516395568847656,
      14.185040473937988,
      10.708703994750977,
      10.581452369689941,
      8.417125701904297,
      8.519492149353027,
      3.8836379051208496,
      5.856806755065918
    ],
    [
      0.3639337420463562,
      17.59517478942871,
      2.7712316513061523,
      7.66605281829834,
      7.322519779205322,
      11.642699241638184,
      10.997354507446289,
      16.42733383178711,
      11.350244522094727,
      18.339832305908203,
      14.185040473937988,
      25.01512908935547,
      11.58613109588623,
      18.948686599731445,
      7.518383026123047,
      12.722124099731445,
      2.840067148208618,
      7.399641036987305
    ],
    [
      1.8844454288482666,
      12.563124656677246,
      3.1220765113830566,
      5.01623010635376,
      4.681084156036377,
      7.215246200561523,
      7.054705619812012,
      10.455267906188965,
      9.60767650604248,
      11.376982688903809,
      10.708703994750977,
      11.58613109588623,
      25.223791122436523,
      19.674179077148438,
      21.598485946655273,
      25.533647537231445,
      15.9494047164917,
      19.828683853149414
    ],
    [
      1.0000958442687988,
      16.01630210876465,
      3.3318159580230713,
      7.757970333099365,
      4.726553916931152,
      11.341922760009766,
      8.854043960571289,
      17.083986282348633,
      9.521618843078613,
      17.782014846801758,
      10.581452369689941,
      18.948686599731445,
      19.674179077148438,
      29.302730560302734,
      14.221899032592773,
      25.15842056274414,
      7.777652263641357,
      15.762295722961426
    ],
    [
      1.3975967168807983,
      13.361605644226074,
      3.073195695877075,
      3.0948150157928467,
      9.011455535888672,
      7.421329021453857,
      9.844775199890137,
      9.32006549835205,
      9.995976448059082,
      8.480706214904785,
      8.417125701904297,
      7.518383026123047,
      21.598485946655273,
      14.221899032592773,
      32.845516204833984,
      28.759002685546875,
      27.165325164794922,
      25.665771484375
    ],
    [
      2.5335381031036377,
      17.492504119873047,
      4.111458778381348,
      6.198403835296631,
      5.438157081604004,
      9.433147430419922,
      8.362348556518555,
      14.052047729492188,
      9.42941665649414,
      13.455129623413086,
      8.519492149353027,
      12.722124099731445,
      25.533647537231445,
      25.15842056274414,
      28.759002685546875,
      41.5809211730957,
      20.90700912475586,
      32.19602966308594
    ],
    [
      0.28821638226509094,
      4.488408088684082,
      0.8138009309768677,
      -0.19428828358650208,
      6.568162441253662,
      4.365449905395508,
      7.224987506866455,
      4.921548366546631,
      5.105425834655762,
      3.8161230087280273,
      3.8836379051208496,
      2.840067148208618,
      15.9494047164917,
      7.777652263641357,
      27.165325164794922,
      20.90700912475586,
      36.358253479003906,
      29.692047119140625
    ],
    [
      2.335897445678711,
      7.735480308532715,
      2.9161839485168457,
      2.224813222885132,
      3.8618805408477783,
      4.702157020568848,
      4.531127452850342,
      6.203358173370361,
      5.596531391143799,
      6.907237529754639,
      5.856806755065918,
      7.399641036987305,
      19.828683853149414,
      15.762295722961426,
      25.665771484375,
      32.19602966308594,
      29.692047119140625,
      39.96873474121094
    ]
  ],
  "covariance_short": [
    [
      16.933916091918945,
      11.645047187805176,
      3.5948050022125244,
      3.507319211959839,
      -2.641714334487915,
      -1.3095860481262207,
      -2.3197948932647705,
      -0.5666953921318054,
      -0.5288587212562561,
      -0.033891018480062485,
      0.9610251784324646,
      1.2729374170303345,
      4.122021675109863,
      3.123444080352783,
      3.5860178470611572,
      6.499798774719238,
      3.7943708896636963,
      8.539127349853516
    ],
    [
      11.645047187805176,
      59.6578483581543,
      5.3491058349609375,
      14.087278366088867,
      11.733793258666992,
      12.55757999420166,
      17.02833366394043,
      19.37281036376953,
      16.118040084838867,
      18.243606567382812,
      16.123958587646484,
      19.410585403442383,
      17.352039337158203,
      18.5649356842041,
      18.297197341918945,
      26.21278190612793,
      19.089269638061523,
      21.665504455566406
    ],
    [
      3.5948050022125244,
      5.3491058349609375,
      8.489453315734863,
      4.011565685272217,
      1.9107673168182373,
      0.9885314702987671,
      1.342416524887085,
      1.9046427011489868,
      3.3808631896972656,
      2.9841625690460205,
      3.7276926040649414,
      3.431398391723633,
      5.4072723388671875,
      4.637377738952637,
      5.364415645599365,
      7.490123748779297,
      5.19837760925293,
      7.5367913246154785
    ],
    [
      3.507319211959839,
      14.087278366088867,
      4.011565685272217,
      21.211639404296875,
      4.455481052398682,
      7.588140487670898,
      7.114233016967773,
      10.770845413208008,
      7.595543384552002,
      11.307232856750488,
      7.562083721160889,
      11.341374397277832,
      8.729165077209473,
      11.118396759033203,
      5.786098003387451,
      12.427160263061523,
      3.9612934589385986,
      8.91596508026123
    ],
    [
      -2.641714334487915,
      11.733793258666992,
      1.9107673168182373,
      4.455481052398682,
      45.5846061706543,
      17.52172088623047,
      36.02384948730469,
      17.508480072021484,
      22.77960777282715,
      13.208052635192871,
      18.592538833618164,
      11.569336891174316,
      12.46306324005127,
      9.831989288330078,
      20.83286476135254,
      16.35878562927246,
      33.10206985473633,
      17.583728790283203
    ],
    [
      -1.3095860481262207,
      12.55757999420166,
      0.9885314702987671,
      7.588140487670898,
      17.52172088623047,
      22.874523162841797,
      20.018571853637695,
      21.645483016967773,
      14.560284614562988,
      17.51288604736328,
      11.85838794708252,
      14.283801078796387,
      11.395461082458496,
      12.989057540893555,
      12.048718452453613,
      16.20627212524414,
      15.702940940856934,
      12.404510498046875
    ],
    [
      -2.3197948932647705,
      17.02833366394043,
      1.342416524887085,
      7.114233016967773,
      36.02384948730469,
      20.018571853637695,
      54.71247863769531,
      29.25211524963379,
      26.01102638244629,
      19.058591842651367,
      20.83400535583496,
      16.2041015625,
      15.972818374633789,
      14.546646118164062,
      22.329254150390625,
      20.633041381835938,
      33.05419921875,
      19.55051612854004
    ],
    [
      -0.5666953921318054,
      19.37281036376953,
      1.9046427011489868,
      10.770845413208008,
      17.508480072021484,
      21.645483016967773,
      29.25211524963379,
      41.849151611328125,
      19.3817138671875,
      25.94645118713379,
      16.10764503479004,
      20.715864181518555,
      17.625761032104492,
      21.468015670776367,
      16.663673400878906,
      25.72776222229004,
      18.70926856994629,
      18.5335750579834
    ],
    [
      -0.5288587212562561,
      16.118040084838867,
      3.3808631896972656,
      7.595543384552002,
      22.77960777282715,
      14.560284614562988,
      26.01102638244629,
      19.3817138671875,
      35.16123580932617,
      19.84029197692871,
      24.385854721069336,
      17.28463363647461,
      20.836223602294922,
      15.757338523864746,
      23.317916870117188,
      21.767759323120117,
      27.63392448425293,
      21.296642303466797
    ],
    [
      -0.033891018480062485,
      18.243606567382812,
      2.9841625690460205,
      11.307232856750488,
      13.208052635192871,
      17.51288604736328,
      19.058591842651367,
      25.94645118713379,
      19.84029197692871,
      29.21780776977539,
      17.427953720092773,
      23.77910804748535,
      19.286054611206055,
      22.939401626586914,
      15.141985893249512,
      24.836050033569336,
      15.87473201751709,
      18.4760684967041
    ],
    [
      0.9610251784324646,
      16.123958587646484,
      3.7276926040649414,
      7.562083721160889,
      18.592538833618164,
      11.85838794708252,
      20.83400535583496,
      16.10764503479004,
      24.385854721069336,
      17.427953720092773,
      32.37025833129883,
      20.832481384277344,
      22.545063018798828,
      17.631643295288086,
      21.615053176879883,
      19.52593421936035,
      24.349109649658203,
      20.1616268157959
    ],
    [
      1.2729374170303345,
      19.410585403442383,
      3.431398391723633,
      11.341374397277832,
      11.569336891174316,
      14.283801078796387,
      16.2041015625,
      20.715864181518555,
      17.28463363647461,
      23.77910804748535,
      20.832481384277344,
      34.34885787963867,
      21.812061309814453,
      26.917312622070312,
      15.643985748291016,
      25.02186393737793,
      16.109460830688477,
      20.233491897583008
    ],
    [
      4.122021675109863,
      17.352039337158203,
      5.4072723388671875,
      8.729165077209473,
      12.46306324005127,
      11.395461082458496,
      15.972818374633789,
      17.625761032104492,
      20.836223602294922,
      19.286054611206055,
      22.545063018798828,
      21.812061309814453,
      48.86957550048828,
      35.1152229309082,
      44.38459396362305,
      52.928035736083984,
      47.19953155517578,
      52.19955825805664
    ],
    [
      3.123444080352783,
      18.5649356842041,
      4.637377738952637,
      11.118396759033203,
      9.831989288330078,
      12.989057540893555,
      14.546646118164062,
      21.468015670776367,
      15.757338523864746,
      22.939401626586914,
      17.631643295288086,
      26.917312622070312,
      35.1152229309082,
      43.743289947509766,
      28.75824737548828,
      47.85809326171875,
      29.100990295410156,
      40.718116760253906
    ],
    [
      3.5860178470611572,
      18.297197341918945,
      5.364415645599365,
      5.786098003387451,
      20.83286476135254,
      12.048718452453613,
      22.329254150390625,
      16.663673400878906,
      23.317916870117188,
      15.141985893249512,
      21.615053176879883,
      15.643985748291016,
      44.38459396362305,
      28.75824737548828,
      76.43310546875,
      62.81017303466797,
      81.1000747680664,
      71.69740295410156
    ],
    [
      6.499798774719238,
      26.21278190612793,
      7.490123748779297,
      12.427160263061523,
      16.35878562927246,
      16.20627212524414,
      20.633041381835938,
      25.72776222229004,
      21.767759323120117,
      24.836050033569336,
      19.52593421936035,
      25.02186393737793,
      52.928035736083984,
      47.85809326171875,
      62.81017303466797,
      92.44715118408203,
      69.70988464355469,
      87.1740951538086
    ],
    [
      3.7943708896636963,
      19.089269638061523,
      5.19837760925293,
      3.9612934589385986,
      33.10206985473633,
      15.702940940856934,
      33.05419921875,
      18.70926856994629,
      27.63392448425293,
      15.87473201751709,
      24.349109649658203,
      16.109460830688477,
      47.19953155517578,
      29.100990295410156,
      81.1000747680664,
      69.70988464355469,
      116.25987243652344,
      92.55106353759766
    ],
    [
      8.539127349853516,
      21.665504455566406,
      7.5367913246154785,
      8.91596508026123,
      17.583728790283203,
      12.404510498046875,
      19.55051612854004,
      18.5335750579834,
      21.296642303466797,
      18.4760684967041,
      20.1616268157959,
      20.233491897583008,
      52.19955825805664,
      40.718116760253906,
      71.69740295410156,
      87.1740951538086,
      92.55106353759766,
      109.41065216064453
    ]
  ],
  "drr": 14.635086059570312,
  "dynamics": 2.398465633392334,
  "format": 1245190,
  "frames": 13400064,
  "loudness": -10.875253677368164,
  "loudness_range": 6.100674629211426,
  "loudness_range_short": 7.957357883453369,
  "peak": -0.1778157651424408,
  "rms": -13.101712226867676,
  "sample_rate": 44100,
  "sections": 1,
  "seekable": 1,
  "sharpness": 1.9110828638076782,
  "space": -9.214686393737793
}