{
  "bands": [
    {
      "high_freq": 148.1999969482422,
      "loudness": -18.155759811401367,
      "loudness_range": 5.213749885559082,
      "mid_mean": -14.48852252960205,
      "mid_to_side_loudness": -28.607702255249023,
      "mid_to_side_loudness_range": 8.683204650878906,
      "side_mean": -43.56229782104492
    },
    {
      "high_freq": 392.3793640136719,
      "loudness": -20.775739669799805,
      "loudness_range": 6.019624710083008,
      "low_freq": 148.1999969482422,
      "mid_mean": -17.481252670288086,
      "mid_to_side_loudness": -12.488152503967285,
      "mid_to_side_loudness_range": 12.346710205078125,
      "side_mean": -29.917407989501953
    },
    {
      "high_freq": 794.6976318359375,
      "loudness": -23.953922271728516,
      "loudness_range": 9.336509704589844,
      "low_freq": 392.3793640136719,
      "mid_mean": -20.6522274017334,
      "mid_to_side_loudness": -12.241983413696289,
      "mid_to_side_loudness_range": 13.61839485168457,
      "side_mean": -32.935604095458984
    },
    {
      "high_freq": 1457.5709228515625,
      "loudness": -25.08938217163086,
      "loudness_range": 11.399972915649414,
      "low_freq": 794.6976318359375,
      "mid_mean": -21.654483795166016,
      "mid_to_side_loudness": -13.856188774108887,
      "mid_to_side_loudness_range": 13.172904968261719,
      "side_mean": -35.63869857788086
    },
    {
      "high_freq": 2549.74365234375,
      "loudness": -25.716670989990234,
      "loudness_range": 9.170490264892578,
      "low_freq": 1457.5709228515625,
      "mid_mean": -22.27899169921875,
      "mid_to_side_loudness": -13.512288093566895,
      "mid_to_side_loudness_range": 11.815680503845215,
      "side_mean": -35.89601135253906
    },
    {
      "high_freq": 4349.24462890625,
      "loudness": -24.228639602661133,
      "loudness_range": 6.522062301635742,
      "low_freq": 2549.74365234375,
      "mid_mean": -20.691808700561523,
      "mid_to_side_loudness": -15.34898853302002,
      "mid_to_side_loudness_range": 10.976716041564941,
      "side_mean": -36.20587921142578
    },
    {
      "high_freq": 7314.1640625,
      "loudness": -22.650096893310547,
      "loudness_range": 6.606412887573242,
      "low_freq": 4349.24462890625,
      "mid_mean": -19.101669311523438,
      "mid_to_side_loudness": -16.45216941833496,
      "mid_to_side_loudness_range": 9.063578605651855,
      "side_mean": -35.731117248535156
    },
    {
      "high_freq": 12199.2666015625,
      "loudness": -25.67108154296875,
      "loudness_range": 8.742517471313477,
      "low_freq": 7314.1640625,
      "mid_mean": -22.100601196289062,
      "mid_to_side_loudness": -15.700279235839844,
      "mid_to_side_loudness_range": 8.518585205078125,
      "side_mean": -38.05555725097656
    },
    {
      "loudness": -31.071802139282227,
      "loudness_range": 11.246286392211914,
      "low_freq": 12199.2666015625,
      "mid_mean": -27.501333236694336,
      "mid_to_side_loudness": -16.12059211730957,
      "mid_to_side_loudness_range": 7.782790184020996,
      "side_mean": -43.80878448486328
    }
  ],
  "bands_short": [
    {
      "high_freq": 148.1999969482422,
      "loudness": -20.503385543823242,
      "loudness_range": 11.415607452392578,
      "mid_mean": -16.969051361083984,
      "mid_to_side_loudness": -28.910070419311523,
      "mid_to_side_loudness_range": 23.626880645751953,
      "side_mean": -47.59296798706055
    },
    {
      "high_freq": 392.3793640136719,
      "loudness": -21.73044204711914,
      "loudness_range": 13.652728080749512,
      "low_freq": 148.1999969482422,
      "mid_mean": -18.521472930908203,
      "mid_to_side_loudness": -12.673873901367188,
      "mid_to_side_loudness_range": 17.20478057861328,
      "side_mean": -31.195886611938477
    },
    {
      "high_freq": 794.6976318359375,
      "loudness": -24.63652229309082,
      "loudness_range": 13.003961563110352,
      "low_freq": 392.3793640136719,
      "mid_mean": -21.51338768005371,
      "mid_to_side_loudness": -11.51186466217041,
      "mid_to_side_loudness_range": 17.01018714904785,
      "side_mean": -33.085208892822266
    },
    {
      "high_freq": 1457.5709228515625,
      "loudness": -26.647302627563477,
      "loudness_range": 16.493873596191406,
      "low_freq": 794.6976318359375,
      "mid_mean": -23.365304946899414,
      "mid_to_side_loudness": -12.618012428283691,
      "mid_to_side_loudness_range": 16.31328773498535,
      "side_mean": -36.125484466552734
    },
    {
      "high_freq": 2549.74365234375,
      "loudness": -27.151926040649414,
      "loudness_range": 14.726709365844727,
      "low_freq": 1457.5709228515625,
      "mid_mean": -23.821001052856445,
      "mid_to_side_loudness": -12.630538940429688,
      "mid_to_side_loudness_range": 14.273843765258789,
      "side_mean": -36.57841110229492
    },
    {
      "high_freq": 4349.24462890625,
      "loudness": -25.701980590820312,
      "loudness_range": 13.792730331420898,
      "low_freq": 2549.74365234375,
      "mid_mean": -22.24331283569336,
      "mid_to_side_loudness": -14.433308601379395,
      "mid_to_side_loudness_range": 13.45058536529541,
      "side_mean": -36.84937286376953
    },
    {
      "high_freq": 7314.1640625,
      "loudness": -25.55868911743164,
      "loudness_range": 18.29357147216797,
      "low_freq": 4349.24462890625,
      "mid_mean": -22.042264938354492,
      "mid_to_side_loudness": -15.563811302185059,
      "mid_to_side_loudness_range": 12.882344245910645,
      "side_mean": -37.82856369018555
    },
    {
      "high_freq": 12199.2666015625,
      "loudness": -29.453502655029297,
      "loudness_range": 20.761581420898438,
      "low_freq": 7314.1640625,
      "mid_mean": -25.963048934936523,
      "mid_to_side_loudness": -14.756572723388672,
      "mid_to_side_loudness_range": 11.475451469421387,
      "side_mean": -40.97450637817383
    },
    {
      "loudness": -37.4550895690918,
      "loudness_range": 27.085132598876953,
      "low_freq": 12199.2666015625,
      "mid_mean": -34.00653839111328,
      "mid_to_side_loudness": -14.323617935180664,
      "mid_to_side_loudness_range": 11.854713439941406,
      "side_mean": -48.704750061035156
    }
  ],
  "channels": 2,
  "covariance": [
    [
      6.391453266143799,
      3.3538413047790527,
      3.2607555389404297,
      1.1869968175888062,
      1.618676781654358,
      0.043525099754333496,
      1.5114421844482422,
      -0.6806142926216125,
      0.9600310325622559,
      -0.6248050928115845,
      -0.2227126955986023,
      -0.5708685517311096,
      -1.9528299570083618,
      -2.2487597465515137,
      -2.324059247970581,
      -1.9692339897155762,
      -4.19865083694458,
      -3.521949529647827
    ],
    [
      3.3538413047790527,
      8.635055541992188,
      3.3041768074035645,
      2.40523362159729,
      2.15187668800354,
      3.421782970428467,
      3.8282177448272705,
      3.035010814666748,
      2.8218095302581787,
      3.3187267780303955,
      1.2538669109344482,
      1.3238900899887085,
      -1.527512550354004,
      -1.0958597660064697,
      -3.374241352081299,
      -1.6716413497924805,
      -5.505499362945557,
      -3.8030810356140137
    ],
    [
      3.2607555389404297,
      3.3041768074035645,
      7.429531574249268,
      4.395221710205078,
      3.013491630554199,
      4.6720170974731445,
      2.916644811630249,
      3.1951935291290283,
      2.631932020187378,
      4.423240661621094,
      1.789517879486084,
      2.408121109008789,
      -0.3315841853618622,
      -0.5930827856063843,
      -2.0246469974517822,
      -1.124518632888794,
      -4.202055931091309,
      -2.361424684524536
    ],
    [
      1.1869968175888062,
      2.40523362159729,
      4.395221710205078,
      20.547082901000977,
      5.27170991897583,
      12.328465461730957,
      4.21746301651001,
      7.400937557220459,
      3.4175491333007812,
      9.799447059631348,
      3.4561595916748047,
      9.156408309936523,
      2.3458492755889893,
      3.373098373413086,
      1.748679518699646,
      3.3729960918426514,
      1.811712384223938,
      2.082172155380249
    ],
    [
      1.618676781654358,
      2.15187668800354,
      3.013491630554199,
      5.27170991897583,
      11.869941711425781,
      9.32550048828125,
      7.799719333648682,
      6.680616855621338,
      5.8777289390563965,
      7.6057963371276855,
      3.3867218494415283,
      4.716800212860107,
      1.4027106761932373,
      0.39054253697395325,
      0.400092750787735,
      -0.354025661945343,
      -0.45181703567504883,
      -1.4568363428115845
    ],
    [
      0.043525099754333496,
      3.421782970428467,
      4.6720170974731445,
      12.328465461730957,
      9.32550048828125,
      28.982227325439453,
      7.089451313018799,
      18.42865562438965,
      6.719306468963623,
      19.52937126159668,
      4.184406757354736,
      14.316816329956055,
      2.8092286586761475,
      5.014298915863037,
      1.584223747253418,
      3.52719783782959,
      1.1801022291183472,
      2.438141107559204
    ],
    [
      1.5114421844482422,
      3.8282177448272705,
      2.916644811630249,
      4.21746301651001,
      7.799719333648682,
      7.089451313018799,
      16.05113410949707,
      8.71660327911377,
      9.19481372833252,
      7.907407760620117,
      5.0103068351745605,
      4.2865400314331055,
      0.5260220766067505,
      -1.0613694190979004,
      -1.6009976863861084,
      -2.4590094089508057,
      -3.6512722969055176,
      -3.8832833766937256
    ],
    [
      -0.6806142926216125,
      3.035010814666748,
      3.1951935291290283,
      7.400937557220459,
      6.680616855621338,
      18.42865562438965,
      8.71660327911377,
      21.1900634765625,
      8.236756324768066,
      19.653907775878906,
      4.760910511016846,
      13.596129417419434,
      3.919062376022339,
      6.123292922973633,
      2.411062479019165,
      3.830387830734253,
      1.6842595338821411,
      2.686605453491211
    ],
    [
      0.9600310325622559,
      2.8218095302581787,
      2.631932020187378,
      3.4175491333007812,
      5.8777289390563965,
      6.719306468963623,
      9.19481372833252,
      8.236756324768066,
      10.275925636291504,
      9.23173999786377,
      5.594863414764404,
      5.665798187255859,
      1.436396598815918,
      0.8521050810813904,
      -0.8908883333206177,
      -0.7443344593048096,
      -2.6686203479766846,
      -2.307943820953369
    ],
    [
      -0.6248050928115845,
      3.3187267780303955,
      4.423240661621094,
      9.799447059631348,
      7.6057963371276855,
      19.52937126159668,
      7.907407760620117,
      19.653907775878906,
      9.23173999786377,
      24.336658477783203,
      5.330188751220703,
      16.302698135375977,
      4.085329532623291,
      6.824341297149658,
      2.286202907562256,
      4.332019329071045,
      0.6977779269218445,
      2.0636181831359863
    ],
    [
      -0.2227126955986023,
      1.2538669109344482,
      1.789517879486084,
      3.4561595916748047,
      3.3867218494415283,
      4.184406757354736,
      5.0103068351745605,
      4.760910511016846,
      5.594863414764404,
      5.330188751220703,
      6.536169052124023,
      5.4661173820495605,
      3.2294230461120605,
      2.971541166305542,
      1.2475330829620361,
      1.4809128046035767,
      0.5367074608802795,
      0.9856614470481873
    ],
    [
      -0.5708685517311096,
      1.3238900899887085,
      2.408121109008789,
      9.156408309936523,
      4.716800212860107,
      14.316816329956055,
      4.2865400314331055,
      13.596129417419434,
      5.665798187255859,
      16.302698135375977,
      5.4661173820495605,
      16.728452682495117,
      5.3474273681640625,
      9.637338638305664,
      4.385066986083984,
      7.44358491897583,
      3.6319704055786133,
      5.4232096672058105
    ],
    [
      -1.9528299570083618,
      -1.527512550354004,
      -0.3315841853618622,
      2.3458492755889893,
      1.4027106761932373,
      2.8092286586761475,
      0.5260220766067505,
      3.919062376022339,
      1.436396598815918,
      4.085329532623291,
      3.2294230461120605,
      5.3474273681640625,
      7.022714614868164,
      7.035305023193359,
      5.951378345489502,
      6.257349967956543,
      7.271674633026123,
      6.665543556213379
    ],
    [
      -2.2487597465515137,
      -1.0958597660064697,
      -0.5930827856063843,
      3.373098373413086,
      0.39054253697395325,
      5.014298915863037,
      -1.0613694190979004,
      6.123292922973633,
      0.8521050810813904,
      6.824341297149658,
      2.971541166305542,
      9.637338638305664,
      7.035305023193359,
      13.43134880065918,
      7.595898628234863,
      12.736608505249023,
      8.927943229675293,
      11.720198631286621
    ],
    [
      -2.324059247970581,
      -3.374241352081299,
      -2.0246469974517822,
      1.748679518699646,
      0.400092750787735,
      1.584223747253418,
      -1.6009976863861084,
      2.411062479019165,
      -0.8908883333206177,
      2.286202907562256,
      1.2475330829620361,
      4.385066986083984,
      5.951378345489502,
      7.595898628234863,
      9.005598068237305,
      8.850271224975586,
      11.0523099899292,
      10.137085914611816
    ],
    [
      -1.9692339897155762,
      -1.6716413497924805,
      -1.124518632888794,
      3.3729960918426514,
      -0.354025661945343,
      3.52719783782959,
      -2.4590094089508057,
      3.830387830734253,
      -0.7443344593048096,
      4.332019329071045,
      1.4809128046035767,
      7.44358491897583,
      6.257349967956543,
      12.736608505249023,
      8.850271224975586,
      15.12246036529541,
      10.76672649383545,
      14.345702171325684
    ],
    [
      -4.19865083694458,
      -5.505499362945557,
      -4.202055931091309,
      1.811712384223938,
      -0.45181703567504883,
      1.1801022291183472,
      -3.6512722969055176,
      1.6842595338821411,
      -2.6686203479766846,
      0.6977779269218445,
      0.5367074608802795,
      3.6319704055786133,
      7.271674633026123,
      8.927943229675293,
      11.0523099899292,
      10.76672649383545,
      18.224933624267578,
      15.216964721679688
    ],
    [
      -3.521949529647827,
      -3.8030810356140137,
      -2.361424684524536,
      2.082172155380249,
      -1.4568363428115845,
      2.438141107559204,
      -3.8832833766937256,
      2.686605453491211,
      -2.307943820953369,
      2.0636181831359863,
      0.9856614470481873,
      5.4232096672058105,
      6.665543556213379,
      11.720198631286621,
      10.137085914611816,
      14.345702171325684,
      15.216964721679688,
      18.96258544921875
    ]
  ],
  "covariance_short": [
    [
      37.139625549316406,
      14.468209266662598,
      8.629889488220215,
      -0.23660065233707428,
      4.202723979949951,
      -1.7165522575378418,
      5.7959303855896,
      -1.530839443206787,
      4.659350872039795,
      -1.0321632623672485,
      3.1991727352142334,
      -0.22140774130821228,
      0.43653687834739685,
      -0.7583088874816895,
      -0.6210559010505676,
      -0.7488407492637634,
      -1.2637999057769775,
      -1.7889378070831299
    ],
    [
      14.468209266662598,
      30.62079620361328,
      7.559892177581787,
      2.935974359512329,
      5.378214359283447,
      4.41378116607666,
      10.305412292480469,
      5.034350872039795,
      8.127901077270508,
      5.5405168533325195,
      5.650239944458008,
      3.5193095207214355,
      0.7609463930130005,
      1.3970109224319458,
      -1.7461268901824951,
      -0.05616232380270958,
      -4.694705963134766,
      -1.8920515775680542
    ],
    [
      8.629889488220215,
      7.559892177581787,
      23.279285430908203,
      5.40322732925415,
      8.360550880432129,
      7.107814311981201,
      9.971235275268555,
      5.648070812225342,
      9.459015846252441,
      7.351703643798828,
      8.388188362121582,
      5.417943000793457,
      7.673943519592285,
      5.994442462921143,
      6.790003776550293,
      5.59588623046875,
      6.693788528442383,
      4.952564716339111
    ],
    [
      -0.23660065233707428,
      2.935974359512329,
      5.40322732925415,
      25.940027236938477,
      7.32122802734375,
      16.220151901245117,
      6.603967189788818,
      8.74837875366211,
      5.27597188949585,
      11.28669548034668,
      4.506816387176514,
      9.994434356689453,
      1.58961820602417,
      4.521239757537842,
      2.255915641784668,
      4.231449604034424,
      2.1167287826538086,
      3.3212778568267822
    ],
    [
      4.202723979949951,
      5.378214359283447,
      8.360550880432129,
      7.32122802734375,
      23.372968673706055,
      13.659416198730469,
      17.07328987121582,
      10.847622871398926,
      13.59620189666748,
      12.496548652648926,
      9.619271278381348,
      9.276978492736816,
      6.826200485229492,
      5.896328449249268,
      6.07566499710083,
      4.247727870941162,
      6.239811420440674,
      4.085681438446045
    ],
    [
      -1.7165522575378418,
      4.41378116607666,
      7.107814311981201,
      16.220151901245117,
      13.659416198730469,
      39.23234176635742,
      13.468069076538086,
      22.50111961364746,
      11.164873123168945,
      23.668106079101562,
      7.777272701263428,
      18.112157821655273,
      5.286379337310791,
      9.612432479858398,
      5.693581581115723,
      8.10183048248291,
      5.918880939483643,
      7.493811130523682
    ],
    [
      5.7959303855896,
      10.305412292480469,
      9.971235275268555,
      6.603967189788818,
      17.07328987121582,
      13.468069076538086,
      35.58207321166992,
      15.716252326965332,
      22.34437370300293,
      15.150556564331055,
      15.517343521118164,
      10.41578483581543,
      8.700427055358887,
      5.705641746520996,
      5.392496109008789,
      2.653968334197998,
      3.9958245754241943,
      1.7533305883407593
    ],
    [
      -1.530839443206787,
      5.034350872039795,
      5.648070812225342,
      8.74837875366211,
      10.847622871398926,
      22.50111961364746,
      15.716252326965332,
      28.16815948486328,
      13.597220420837402,
      24.344194412231445,
      9.149340629577637,
      17.836185455322266,
      6.957620143890381,
      10.815550804138184,
      7.35441780090332,
      8.522123336791992,
      7.4040937423706055,
      8.230886459350586
    ],
    [
      4.659350872039795,
      8.127901077270508,
      9.459015846252441,
      5.27597188949585,
      13.59620189666748,
      11.164873123168945,
      22.34437370300293,
      13.597220420837402,
      26.827831268310547,
      16.1496524810791,
      18.668489456176758,
      12.127097129821777,
      13.024337768554688,
      8.623255729675293,
      9.259491920471191,
      5.717609882354736,
      8.499368667602539,
      5.3013176918029785
    ],
    [
      -1.0321632623672485,
      5.5405168533325195,
      7.351703643798828,
      11.28669548034668,
      12.496548652648926,
      23.668106079101562,
      15.150556564331055,
      24.344194412231445,
      16.1496524810791,
      30.59120750427246,
      11.473564147949219,
      21.368526458740234,
      8.171088218688965,
      12.183248519897461,
      8.034703254699707,
      9.371657371520996,
      7.219082832336426,
      7.5250139236450195
    ],
    [
      3.1991727352142334,
      5.650239944458008,
      8.388188362121582,
      4.506816387176514,
      9.619271278381348,
      7.777272701263428,
      15.517343521118164,
      9.149340629577637,
      18.668489456176758,
      11.473564147949219,
      24.476398468017578,
      13.290602684020996,
      23.202272415161133,
      15.711634635925293,
      19.020362854003906,
      13.162290573120117,
      19.620615005493164,
      13.63763427734375
    ],
    [
      -0.22140774130821228,
      3.5193095207214355,
      5.417943000793457,
      9.994434356689453,
      9.276978492736816,
      18.112157821655273,
      10.41578483581543,
      17.836185455322266,
      12.127097129821777,
      21.368526458740234,
      13.290602684020996,
      23.751808166503906,
      13.359932899475098,
      18.379072189331055,
      14.646139144897461,
      16.975543975830078,
      16.135047912597656,
      16.27568244934082
    ],
    [
      0.43653687834739685,
      0.7609463930130005,
      7.673943519592285,
      1.58961820602417,
      6.826200485229492,
      5.286379337310791,
      8.700427055358887,
      6.957620143890381,
      13.024337768554688,
      8.171088218688965,
      23.202272415161133,
      13.359932899475098,
      41.16789245605469,
      27.995616912841797,
      39.675846099853516,
      28.106538772583008,
      44.57233428955078,
      32.372501373291016
    ],
    [
      -0.7583088874816895,
      1.3970109224319458,
      5.994442462921143,
      4.521239757537842,
      5.896328449249268,
      9.612432479858398,
      5.705641746520996,
      10.815550804138184,
      8.623255729675293,
      12.183248519897461,
      15.711634635925293,
      18.379072189331055,
      27.995616912841797,
      32.96075439453125,
      32.9085578918457,
      34.87682342529297,
      39.16633987426758,
      38.616844177246094
    ],
    [
      -0.6210559010505676,
      -1.7461268901824951,
      6.790003776550293,
      2.255915641784668,
      6.07566499710083,
      5.693581581115723,
      5.392496109008789,
      7.35441780090332,
      9.259491920471191,
      8.034703254699707,
      19.020362854003906,
      14.646139144897461,
      39.675846099853516,
      32.9085578918457,
      50.41643524169922,
      39.15682601928711,
      57.963016510009766,
      45.41990661621094
    ],
    [
      -0.7488407492637634,
      -0.05616232380270958,
      5.59588623046875,
      4.231449604034424,
      4.247727870941162,
      8.10183048248291,
      2.653968334197998,
      8.522123336791992,
      5.717609882354736,
      9.371657371520996,
      13.162290573120117,
      16.975543975830078,
      28.106538772583008,
      34.87682342529297,
      39.15682601928711,
      45.600975036621094,
      47.85841751098633,
      50.65729522705078
    ],
    [
      -1.2637999057769775,
      -4.694705963134766,
      6.693788528442383,
      2.1167287826538086,
      6.239811420440674,
      5.918880939483643,
      3.9958245754241943,
      7.4040937423706055,
      8.499368667602539,
      7.219082832336426,
      19.620615005493164,
      16.135047912597656,
      44.57233428955078,
      39.16633987426758,
      57.963016510009766,
      47.85841751098633,
      79.28921508789062,
      61.149497985839844
    ],
    [
      -1.7889378070831299,
      -1.8920515775680542,
      4.952564716339111,
      3.3212778568267822,
      4.085681438446045,
      7.493811130523682,
      1.7533305883407593,
      8.230886459350586,
      5.3013176918029785,
      7.5250139236450195,
      13.63763427734375,
      16.27568244934082,
      32.372501373291016,
      38.616844177246094,
      45.41990661621094,
      50.65729522705078,
      61.149497985839844,
      68.18327331542969
    ]
  ],
  "drr": 13.320189476013184,
  "dynamics": 1.6963838338851929,
  "format": 1245190,
  "frames": 7090176,
  "loudness": -9.754446983337402,
  "loudness_range": 2.74240779876709,
  "loudness_range_short": 8.3712158203125,
  "peak": 0.5995028614997864,
  "rms": -11.602937698364258,
  "sample_rate": 44100,
  "sections": 1,
  "seekable": 1,
  "sharpness": 3.4011170864105225,
  "space": -14.883857727050781
}