{
  "bands": [
    {
      "high_freq": 148.1999969482422,
      "loudness": -19.91423225402832,
      "loudness_range": 10.148948669433594,
      "mid_mean": -16.48662567138672,
      "mid_to_side_loudness": -13.114590644836426,
      "mid_to_side_loudness_range": 8.907242774963379,
      "side_mean": -29.91827964782715
    },
    {
      "high_freq": 392.3793640136719,
      "loudness": -18.12835693359375,
      "loudness_range": 9.451910018920898,
      "low_freq": 148.1999969482422,
      "mid_mean": -15.388137817382812,
      "mid_to_side_loudness": -7.128903865814209,
      "mid_to_side_loudness_range": 10.97988510131836,
      "side_mean": -22.761093139648438
    },
    {
      "high_freq": 794.6976318359375,
      "loudness": -20.148103713989258,
      "loudness_range": 10.671487808227539,
      "low_freq": 392.3793640136719,
      "mid_mean": -18.278329849243164,
      "mid_to_side_loudness": -4.043055057525635,
      "mid_to_side_loudness_range": 11.829648971557617,
      "side_mean": -22.247726440429688
    },
    {
      "high_freq": 1457.5709228515625,
      "loudness": -22.59859848022461,
      "loudness_range": 12.394561767578125,
      "low_freq": 794.6976318359375,
      "mid_mean": -20.715251922607422,
      "mid_to_side_loudness": -4.299681186676025,
      "mid_to_side_loudness_range": 13.541156768798828,
      "side_mean": -25.009891510009766
    },
    {
      "high_freq": 2549.74365234375,
      "loudness": -24.528806686401367,
      "loudness_range": 12.757722854614258,
      "low_freq": 1457.5709228515625,
      "mid_mean": -22.450946807861328,
      "mid_to_side_loudness": -4.329479694366455,
      "mid_to_side_loudness_range": 10.277392387390137,
      "side_mean": -26.819610595703125
    },
    {
      "high_freq": 4349.24462890625,
      "loudness": -26.263708114624023,
      "loudness_range": 11.886650085449219,
      "low_freq": 2549.74365234375,
      "mid_mean": -24.10666847229004,
      "mid_to_side_loudness": -4.623969554901123,
      "mid_to_side_loudness_range": 9.367691040039062,
      "side_mean": -28.785356521606445
    },
    {
      "high_freq": 7314.1640625,
      "loudness": -30.210527420043945,
      "loudness_range": 13.990119934082031,
      "low_freq": 4349.24462890625,
      "mid_mean": -28.002546310424805,
      "mid_to_side_loudness": -4.603377342224121,
      "mid_to_side_loudness_range": 9.162550926208496,
      "side_mean": -32.6376838684082
    },
    {
      "high_freq": 12199.2666015625,
      "loudness": -31.557819366455078,
      "loudness_range": 15.612943649291992,
      "low_freq": 7314.1640625,
      "mid_mean": -29.642290115356445,
      "mid_to_side_loudness": -3.5394978523254395,
      "mid_to_side_loudness_range": 7.751202583312988,
      "side_mean": -33.23216247558594
    },
    {
      "loudness": -37.41021728515625,
      "loudness_range": 12.290668487548828,
      "low_freq": 12199.2666015625,
      "mid_mean": -35.76587677001953,
      "mid_to_side_loudness": -2.314753293991089,
      "mid_to_side_loudness_range": 4.149299621582031,
      "side_mean": -38.13645935058594
    }
  ],
  "bands_short": [
    {
      "high_freq": 148.1999969482422,
      "loudness": -23.62189483642578,
      "loudness_range": 18.801177978515625,
      "mid_mean": -20.31574249267578,
      "mid_to_side_loudness": -13.147907257080078,
      "mid_to_side_loudness_range": 14.807040214538574,
      "side_mean": -33.87335968017578
    },
    {
      "high_freq": 392.3793640136719,
      "loudness": -18.04399871826172,
      "loudness_range": 12.151201248168945,
      "low_freq": 148.1999969482422,
      "mid_mean": -15.288647651672363,
      "mid_to_side_loudness": -7.6578216552734375,
      "mid_to_side_loudness_range": 13.53784465789795,
      "side_mean": -23.23157501220703
    },
    {
      "high_freq": 794.6976318359375,
      "loudness": -20.606182098388672,
      "loudness_range": 12.903369903564453,
      "low_freq": 392.3793640136719,
      "mid_mean": -19.029817581176758,
      "mid_to_side_loudness": -3.7066473960876465,
      "mid_to_side_loudness_range": 14.589780807495117,
      "side_mean": -22.66561508178711
    },
    {
      "high_freq": 1457.5709228515625,
      "loudness": -22.919979095458984,
      "loudness_range": 15.279590606689453,
      "low_freq": 794.6976318359375,
      "mid_mean": -21.233217239379883,
      "mid_to_side_loudness": -4.080030918121338,
      "mid_to_side_loudness_range": 15.269963264465332,
      "side_mean": -25.33129119873047
    },
    {
      "high_freq": 2549.74365234375,
      "loudness": -25.290973663330078,
      "loudness_range": 14.959482192993164,
      "low_freq": 1457.5709228515625,
      "mid_mean": -23.428735733032227,
      "mid_to_side_loudness": -3.967454195022583,
      "mid_to_side_loudness_range": 11.64581298828125,
      "side_mean": -27.427013397216797
    },
    {
      "high_freq": 4349.24462890625,
      "loudness": -26.94015121459961,
      "loudness_range": 14.774385452270508,
      "low_freq": 2549.74365234375,
      "mid_mean": -24.936832427978516,
      "mid_to_side_loudness": -4.222867965698242,
      "mid_to_side_loudness_range": 10.946084022521973,
      "side_mean": -29.241952896118164
    },
    {
      "high_freq": 7314.1640625,
      "loudness": -31.268674850463867,
      "loudness_range": 16.338672637939453,
      "low_freq": 4349.24462890625,
      "mid_mean": -29.27210235595703,
      "mid_to_side_loudness": -4.067268371582031,
      "mid_to_side_loudness_range": 10.004714965820312,
      "side_mean": -33.38423156738281
    },
    {
      "high_freq": 12199.2666015625,
      "loudness": -33.250186920166016,
      "loudness_range": 17.895427703857422,
      "low_freq": 7314.1640625,
      "mid_mean": -31.508451461791992,
      "mid_to_side_loudness": -3.1520328521728516,
      "mid_to_side_loudness_range": 8.556574821472168,
      "side_mean": -34.724491119384766
    },
    {
      "loudness": -40.529541015625,
      "loudness_range": 21.151235580444336,
      "low_freq": 12199.2666015625,
      "mid_mean": -39.06848907470703,
      "mid_to_side_loudness": -1.998666763305664,
      "mid_to_side_loudness_range": 5.846196174621582,
      "side_mean": -41.17263412475586
    }
  ],
  "channels": 2,
  "covariance": [
    [
      20.442474365234375,
      14.808863639831543,
      9.16137981414795,
      6.282565593719482,
      4.266196250915527,
      6.8260016441345215,
      3.793889284133911,
      8.005446434020996,
      5.47044563293457,
      8.96500301361084,
      4.953675270080566,
      9.752999305725098,
      4.722507953643799,
      8.769050598144531,
      2.6890950202941895,
      5.25117301940918,
      3.8342604637145996,
      4.974366664886475
    ],
    [
      14.808863639831543,
      21.524761199951172,
      9.083352088928223,
      8.902172088623047,
      6.059796333312988,
      9.252068519592285,
      4.312924861907959,
      8.609054565429688,
      7.251063823699951,
      10.878561019897461,
      6.9369988441467285,
      11.797146797180176,
      7.131049156188965,
      10.936924934387207,
      4.637268543243408,
      6.9261860847473145,
      4.914946556091309,
      5.9402337074279785
    ],
    [
      9.16137981414795,
      9.083352088928223,
      18.326065063476562,
      7.947104454040527,
      3.8486316204071045,
      5.536520004272461,
      2.4936978816986084,
      4.8818888664245605,
      3.96356201171875,
      7.58422327041626,
      3.104771614074707,
      6.65503454208374,
      5.273616790771484,
      7.95072603225708,
      4.303420066833496,
      5.9060235023498535,
      4.448950290679932,
      5.236519813537598
    ],
    [
      6.282565593719482,
      8.902172088623047,
      7.947104454040527,
      12.955778121948242,
      7.021131992340088,
      9.615459442138672,
      5.605093955993652,
      7.51648473739624,
      8.326592445373535,
      11.61523723602295,
      7.763476848602295,
      11.368734359741211,
      8.447932243347168,
      11.072712898254395,
      5.637436866760254,
      7.192211151123047,
      4.295001029968262,
      5.123029708862305
    ],
    [
      4.266196250915527,
      6.059796333312988,
      3.8486316204071045,
      7.021131992340088,
      19.081254959106445,
      10.406834602355957,
      13.413240432739258,
      8.892186164855957,
      13.933714866638184,
      11.544778823852539,
      12.826885223388672,
      12.108175277709961,
      11.213164329528809,
      11.009856224060059,
      10.786579132080078,
      10.467625617980957,
      7.495583534240723,
      7.933283805847168
    ],
    [
      6.8260016441345215,
      9.252068519592285,
      5.536520004272461,
      9.615459442138672,
      10.406834602355957,
      18.92852020263672,
      8.203973770141602,
      11.257353782653809,
      10.38936710357666,
      14.414079666137695,
      9.204066276550293,
      13.871963500976562,
      9.285748481750488,
      12.804805755615234,
      6.861178874969482,
      9.498621940612793,
      5.452114582061768,
      6.9011454582214355
    ],
    [
      3.793889284133911,
      4.312924861907959,
      2.4936978816986084,
      5.605093955993652,
      13.413240432739258,
      8.203973770141602,
      21.84003448486328,
      10.503867149353027,
      15.573657989501953,
      10.863078117370605,
      12.205094337463379,
      11.061481475830078,
      10.624714851379395,
      10.266122817993164,
      9.955351829528809,
      9.46728801727295,
      5.912347316741943,
      6.385683536529541
    ],
    [
      8.005446434020996,
      8.609054565429688,
      4.8818888664245605,
      7.51648473739624,
      8.892186164855957,
      11.257353782653809,
      10.503867149353027,
      21.23271942138672,
      9.841447830200195,
      14.741089820861816,
      9.298698425292969,
      16.92807960510254,
      8.044342041015625,
      13.60620403289795,
      3.5078630447387695,
      8.014654159545898,
      3.7408223152160645,
      5.9441022872924805
    ],
    [
      5.47044563293457,
      7.251063823699951,
      3.96356201171875,
      8.326592445373535,
      13.933714866638184,
      10.38936710357666,
      15.573657989501953,
      9.841447830200195,
      23.429065704345703,
      17.579051971435547,
      14.242297172546387,
      14.835718154907227,
      13.410813331604004,
      13.925264358520508,
      12.411952018737793,
      12.1712064743042,
      8.967864036560059,
      9.270447731018066
    ],
    [
      8.96500301361084,
      10.878561019897461,
      7.58422327041626,
      11.61523723602295,
      11.544778823852539,
      14.414079666137695,
      10.863078117370605,
      14.741089820861816,
      17.579051971435547,
      24.83867835998535,
      12.943159103393555,
      20.369138717651367,
      12.983148574829102,
      18.60135269165039,
      8.673083305358887,
      12.413447380065918,
      7.779463768005371,
      9.544685363769531
    ],
    [
      4.953675270080566,
      6.9369988441467285,
      3.104771614074707,
      7.763476848602295,
      12.826885223388672,
      9.204066276550293,
      12.205094337463379,
      9.298698425292969,
      14.242297172546387,
      12.943159103393555,
      21.065248489379883,
      16.812471389770508,
      17.261465072631836,
      16.225461959838867,
      14.412727355957031,
      13.230368614196777,
      9.318864822387695,
      9.306358337402344
    ],
    [
      9.752999305725098,
      11.797146797180176,
      6.65503454208374,
      11.368734359741211,
      12.108175277709961,
      13.871963500976562,
      11.061481475830078,
      16.92807960510254,
      14.835718154907227,
      20.369138717651367,
      16.812471389770508,
      25.237274169921875,
      15.9436674118042,
      22.60927963256836,
      9.6729154586792,
      14.160270690917969,
      7.941329002380371,
      10.15343952178955
    ],
    [
      4.722507953643799,
      7.131049156188965,
      5.273616790771484,
      8.447932243347168,
      11.213164329528809,
      9.285748481750488,
      10.624714851379395,
      8.044342041015625,
      13.410813331604004,
      12.983148574829102,
      17.261465072631836,
      15.9436674118042,
      28.40259552001953,
      25.07819366455078,
      24.769943237304688,
      22.212125778198242,
      17.34442710876465,
      16.10826873779297
    ],
    [
      8.769050598144531,
      10.936924934387207,
      7.95072603225708,
      11.072712898254395,
      11.009856224060059,
      12.804805755615234,
      10.266122817993164,
      13.60620403289795,
      13.925264358520508,
      18.60135269165039,
      16.225461959838867,
      22.60927963256836,
      25.07819366455078,
      32.3591423034668,
      19.047090530395508,
      23.296709060668945,
      14.027688980102539,
      15.80098819732666
    ],
    [
      2.6890950202941895,
      4.637268543243408,
      4.303420066833496,
      5.637436866760254,
      10.786579132080078,
      6.861178874969482,
      9.955351829528809,
      3.5078630447387695,
      12.411952018737793,
      8.673083305358887,
      14.412727355957031,
      9.6729154586792,
      24.769943237304688,
      19.047090530395508,
      32.669525146484375,
      27.111127853393555,
      23.601154327392578,
      21.22005844116211
    ],
    [
      5.25117301940918,
      6.9261860847473145,
      5.9060235023498535,
      7.192211151123047,
      10.467625617980957,
      9.498621940612793,
      9.46728801727295,
      8.014654159545898,
      12.1712064743042,
      12.413447380065918,
      13.230368614196777,
      14.160270690917969,
      22.212125778198242,
      23.296709060668945,
      27.111127853393555,
      29.069881439208984,
      20.97659683227539,
      21.723873138427734
    ],
    [
      3.8342604637145996,
      4.914946556091309,
      4.448950290679932,
      4.295001029968262,
      7.495583534240723,
      5.452114582061768,
      5.912347316741943,
      3.7408223152160645,
      8.967864036560059,
      7.779463768005371,
      9.318864822387695,
      7.941329002380371,
      17.34442710876465,
      14.027688980102539,
      23.601154327392578,
      20.97659683227539,
      24.753847122192383,
      23.084741592407227
    ],
    [
      4.974366664886475,
      5.9402337074279785,
      5.236519813537598,
      5.123029708862305,
      7.933283805847168,
      6.9011454582214355,
      6.385683536529541,
      5.9441022872924805,
      9.270447731018066,
      9.544685363769531,
      9.306358337402344,
      10.15343952178955,
      16.10826873779297,
      15.80098819732666,
      21.22005844116211,
      21.723873138427734,
      23.084741592407227,
      23.48697853088379
    ]
  ],
  "covariance_short": [
    [
      46.68562316894531,
      27.84827423095703,
      18.536624908447266,
      9.395455360412598,
      7.011208534240723,
      8.478625297546387,
      6.111263275146484,
      7.897195816040039,
      8.200071334838867,
      10.835099220275879,
      7.769105434417725,
      11.084430694580078,
      8.202374458312988,
      11.28593921661377,
      7.3887224197387695,
      9.569725036621094,
      10.02872085571289,
      11.296375274658203
    ],
    [
      27.84827423095703,
      39.32295227050781,
      14.16767692565918,
      10.501535415649414,
      6.8622565269470215,
      9.460049629211426,
      5.065051078796387,
      8.297944068908691,
      8.085456848144531,
      11.212320327758789,
      7.921764373779297,
      11.987773895263672,
      8.022703170776367,
      11.696418762207031,
      6.181394100189209,
      8.59410572052002,
      6.5333380699157715,
      8.046130180358887
    ],
    [
      18.536624908447266,
      14.16767692565918,
      27.28654670715332,
      11.92967700958252,
      7.135580539703369,
      7.998867034912109,
      6.397773742675781,
      8.18523120880127,
      7.8833770751953125,
      10.681768417358398,
      7.055680274963379,
      10.114851951599121,
      8.548535346984863,
      11.538865089416504,
      7.688974857330322,
      9.97517204284668,
      8.371818542480469,
      10.051523208618164
    ],
    [
      9.395455360412598,
      10.501535415649414,
      11.92967700958252,
      17.976879119873047,
      8.391379356384277,
      11.191157341003418,
      8.183135032653809,
      9.788200378417969,
      9.925225257873535,
      13.122651100158691,
      9.570430755615234,
      13.12795352935791,
      10.150276184082031,
      13.163187980651855,
      7.783572196960449,
      9.938790321350098,
      6.473785877227783,
      8.158435821533203
    ],
    [
      7.011208534240723,
      6.8622565269470215,
      7.135580539703369,
      8.391379356384277,
      28.157995223999023,
      12.863333702087402,
      17.918729782104492,
      11.972259521484375,
      17.265094757080078,
      14.187982559204102,
      16.697538375854492,
      15.456482887268066,
      14.502327919006348,
      14.051447868347168,
      14.972033500671387,
      14.273531913757324,
      11.973114013671875,
      12.778678894042969
    ],
    [
      8.478625297546387,
      9.460049629211426,
      7.998867034912109,
      11.191157341003418,
      12.863333702087402,
      24.11349105834961,
      11.53771686553955,
      13.72929573059082,
      12.863372802734375,
      16.626428604125977,
      12.101910591125488,
      16.156234741210938,
      11.657130241394043,
      15.021976470947266,
      9.779178619384766,
      11.958433151245117,
      7.988770484924316,
      9.918718338012695
    ],
    [
      6.111263275146484,
      5.065051078796387,
      6.397773742675781,
      8.183135032653809,
      17.918729782104492,
      11.53771686553955,
      33.36741256713867,
      16.111995697021484,
      22.03352928161621,
      16.14703941345215,
      18.269123077392578,
      16.273883819580078,
      16.80091667175293,
      15.635517120361328,
      16.586076736450195,
      15.788276672363281,
      13.365348815917969,
      14.138583183288574
    ],
    [
      7.897195816040039,
      8.297944068908691,
      8.18523120880127,
      9.788200378417969,
      11.972259521484375,
      13.72929573059082,
      16.111995697021484,
      27.677305221557617,
      13.761417388916016,
      17.951251983642578,
      13.635198593139648,
      20.552762985229492,
      11.898710250854492,
      17.24875259399414,
      7.555032730102539,
      11.753948211669922,
      6.54024076461792,
      9.704934120178223
    ],
    [
      8.200071334838867,
      8.085456848144531,
      7.8833770751953125,
      9.925225257873535,
      17.265094757080078,
      12.863372802734375,
      22.03352928161621,
      13.761417388916016,
      32.08497619628906,
      22.025978088378906,
      20.123859405517578,
      19.20046043395996,
      19.19490623474121,
      18.675508499145508,
      18.454063415527344,
      17.719636917114258,
      15.289142608642578,
      15.763771057128906
    ],
    [
      10.835099220275879,
      11.212320327758789,
      10.681768417358398,
      13.122651100158691,
      14.187982559204102,
      16.626428604125977,
      16.14703941345215,
      17.951251983642578,
      22.025978088378906,
      30.513927459716797,
      17.19997787475586,
      23.953487396240234,
      16.770418167114258,
      22.318666458129883,
      12.479079246520996,
      16.302776336669922,
      10.600452423095703,
      13.243125915527344
    ],
    [
      7.769105434417725,
      7.921764373779297,
      7.055680274963379,
      9.570430755615234,
      16.697538375854492,
      12.101910591125488,
      18.269123077392578,
      13.635198593139648,
      20.123859405517578,
      17.19997787475586,
      31.670129776000977,
      23.686555862426758,
      24.862768173217773,
      23.028732299804688,
      21.978490829467773,
      20.553821563720703,
      17.966264724731445,
      18.24661636352539
    ],
    [
      11.084430694580078,
      11.987773895263672,
      10.114851951599121,
      13.12795352935791,
      15.456482887268066,
      16.156234741210938,
      16.273883819580078,
      20.552762985229492,
      19.20046043395996,
      23.953487396240234,
      23.686555862426758,
      32.17924499511719,
      21.511882781982422,
      28.207111358642578,
      15.042779922485352,
      19.91030502319336,
      12.272481918334961,
      15.840428352355957
    ],
    [
      8.202374458312988,
      8.022703170776367,
      8.548535346984863,
      10.150276184082031,
      14.502327919006348,
      11.657130241394043,
      16.80091667175293,
      11.898710250854492,
      19.19490623474121,
      16.770418167114258,
      24.862768173217773,
      21.511882781982422,
      38.34279251098633,
      33.05893325805664,
      34.723140716552734,
      32.40264892578125,
      30.140453338623047,
      29.720365524291992
    ],
    [
      11.28593921661377,
      11.696418762207031,
      11.538865089416504,
      13.163187980651855,
      14.051447868347168,
      15.021976470947266,
      15.635517120361328,
      17.24875259399414,
      18.675508499145508,
      22.318666458129883,
      23.028732299804688,
      28.207111358642578,
      33.05893325805664,
      41.2520751953125,
      27.422719955444336,
      32.92723083496094,
      22.670740127563477,
      26.271194458007812
    ],
    [
      7.3887224197387695,
      6.181394100189209,
      7.688974857330322,
      7.783572196960449,
      14.972033500671387,
      9.779178619384766,
      16.586076736450195,
      7.555032730102539,
      18.454063415527344,
      12.479079246520996,
      21.978490829467773,
      15.042779922485352,
      34.723140716552734,
      27.422719955444336,
      47.04062271118164,
      40.365760803222656,
      41.628936767578125,
      39.48271560668945
    ],
    [
      9.569725036621094,
      8.59410572052002,
      9.97517204284668,
      9.938790321350098,
      14.273531913757324,
      11.958433151245117,
      15.788276672363281,
      11.753948211669922,
      17.719636917114258,
      16.302776336669922,
      20.553821563720703,
      19.91030502319336,
      32.40264892578125,
      32.92723083496094,
      40.365760803222656,
      43.72309494018555,
      36.24024963378906,
      38.555511474609375
    ],
    [
      10.02872085571289,
      6.5333380699157715,
      8.371818542480469,
      6.473785877227783,
      11.973114013671875,
      7.988770484924316,
      13.365348815917969,
      6.54024076461792,
      15.289142608642578,
      10.600452423095703,
      17.966264724731445,
      12.272481918334961,
      30.140453338623047,
      22.670740127563477,
      41.628936767578125,
      36.24024963378906,
      52.0759162902832,
      48.533363342285156
    ],
    [
      11.296375274658203,
      8.046130180358887,
      10.051523208618164,
      8.158435821533203,
      12.778678894042969,
      9.918718338012695,
      14.138583183288574,
      9.704934120178223,
      15.763771057128906,
      13.243125915527344,
      18.24661636352539,
      15.840428352355957,
      29.720365524291992,
      26.271194458007812,
      39.48271560668945,
      38.555511474609375,
      48.533363342285156,
      49.893341064453125
    ]
  ],
  "drr": 15.076184272766113,
  "dynamics": 2.7233335971832275,
  "format": 1245190,
  "frames": 13877248,
  "loudness": -9.00959300994873,
  "loudness_range": 5.9305524826049805,
  "loudness_range_short": 8.933647155761719,
  "peak": 1.115381121635437,
  "rms": -11.09399700164795,
  "sample_rate": 44100,
  "sections": 1,
  "seekable": 1,
  "sharpness": 2.3530430793762207,
  "space": -6.4969353675842285
}