{
  "bands": [
    {
      "high_freq": 148.1999969482422,
      "loudness": -46.71342468261719,
      "loudness_range": 29.968151092529297,
      "mid_mean": -46.35373306274414,
      "mid_to_side_loudness": -0.7942733764648438,
      "mid_to_side_loudness_range": 7.890583038330078,
      "side_mean": -46.32316207885742
    },
    {
      "high_freq": 392.3793640136719,
      "loudness": -34.71147537231445,
      "loudness_range": 16.219757080078125,
      "low_freq": 148.1999969482422,
      "mid_mean": -34.56711196899414,
      "mid_to_side_loudness": 0.6009983420372009,
      "mid_to_side_loudness_range": 7.711695671081543,
      "side_mean": -34.00086975097656
    },
    {
      "high_freq": 794.6976318359375,
      "loudness": -34.3714714050293,
      "loudness_range": 17.171918869018555,
      "low_freq": 392.3793640136719,
      "mid_mean": -34.51936721801758,
      "mid_to_side_loudness": 1.2828058004379272,
      "mid_to_side_loudness_range": 5.898438453674316,
      "side_mean": -33.181129455566406
    },
    {
      "high_freq": 1457.5709228515625,
      "loudness": -39.032161712646484,
      "loudness_range": 17.253145217895508,
      "low_freq": 794.6976318359375,
      "mid_mean": -38.319541931152344,
      "mid_to_side_loudness": -0.34007617831230164,
      "mid_to_side_loudness_range": 5.7889180183410645,
      "side_mean": -38.63623046875
    },
    {
      "high_freq": 2549.74365234375,
      "loudness": -38.758636474609375,
      "loudness_range": 18.703859329223633,
      "low_freq": 1457.5709228515625,
      "mid_mean": -38.020606994628906,
      "mid_to_side_loudness": -0.25569671392440796,
      "mid_to_side_loudness_range": 4.19921875,
      "side_mean": -38.31078338623047
    },
    {
      "high_freq": 4349.24462890625,
      "loudness": -43.170143127441406,
      "loudness_range": 22.236637115478516,
      "low_freq": 2549.74365234375,
      "mid_mean": -42.515018463134766,
      "mid_to_side_loudness": -0.07522395253181458,
      "mid_to_side_loudness_range": 3.040903091430664,
      "side_mean": -42.59038543701172
    },
    {
      "high_freq": 7314.1640625,
      "loudness": -57.162113189697266,
      "loudness_range": 24.173030853271484,
      "low_freq": 4349.24462890625,
      "mid_mean": -56.69880676269531,
      "mid_to_side_loudness": -0.05521031469106674,
      "mid_to_side_loudness_range": 3.2751731872558594,
      "side_mean": -56.74469757080078
    },
    {
      "high_freq": 12199.2666015625,
      "loudness": -64.23282623291016,
      "loudness_range": 25.665390014648438,
      "low_freq": 7314.1640625,
      "mid_mean": -62.0854606628418,
      "mid_to_side_loudness": -0.04781654477119446,
      "mid_to_side_loudness_range": 1.5119872093200684,
      "side_mean": -62.12295150756836
    },
    {
      "loudness": -68.82379150390625,
      "loudness_range": 24.350284576416016,
      "low_freq": 12199.2666015625,
      "mid_mean": -65.64458465576172,
      "mid_to_side_loudness": 0.06873264908790588,
      "mid_to_side_loudness_range": 1.054497241973877,
      "side_mean": -65.65428161621094
    }
  ],
  "bands_short": [
    {
      "high_freq": 148.1999969482422,
      "loudness": -52.4227294921875,
      "loudness_range": 32.02116775512695,
      "mid_mean": -51.226356506347656,
      "mid_to_side_loudness": -1.9778096675872803,
      "mid_to_side_loudness_range": 12.37563705444336,
      "side_mean": -52.78596496582031
    },
    {
      "high_freq": 392.3793640136719,
      "loudness": -36.01272964477539,
      "loudness_range": 17.738698959350586,
      "low_freq": 148.1999969482422,
      "mid_mean": -36.09498977661133,
      "mid_to_side_loudness": 0.6311827898025513,
      "mid_to_side_loudness_range": 10.993844985961914,
      "side_mean": -35.43207550048828
    },
    {
      "high_freq": 794.6976318359375,
      "loudness": -34.47368240356445,
      "loudness_range": 19.331771850585938,
      "low_freq": 392.3793640136719,
      "mid_mean": -34.479854583740234,
      "mid_to_side_loudness": 0.6747614741325378,
      "mid_to_side_loudness_range": 9.950224876403809,
      "side_mean": -33.75895309448242
    },
    {
      "high_freq": 1457.5709228515625,
      "loudness": -40.221431732177734,
      "loudness_range": 20.611873626708984,
      "low_freq": 794.6976318359375,
      "mid_mean": -39.624305725097656,
      "mid_to_side_loudness": -0.3757303059101105,
      "mid_to_side_loudness_range": 8.635862350463867,
      "side_mean": -39.96284866333008
    },
    {
      "high_freq": 2549.74365234375,
      "loudness": -40.60325622558594,
      "loudness_range": 22.751724243164062,
      "low_freq": 1457.5709228515625,
      "mid_mean": -39.92781066894531,
      "mid_to_side_loudness": -0.29310181736946106,
      "mid_to_side_loudness_range": 6.371684551239014,
      "side_mean": -40.24391555786133
    },
    {
      "high_freq": 4349.24462890625,
      "loudness": -44.86905288696289,
      "loudness_range": 26.652645111083984,
      "low_freq": 2549.74365234375,
      "mid_mean": -44.3558235168457,
      "mid_to_side_loudness": -0.016187310218811035,
      "mid_to_side_loudness_range": 5.1528778076171875,
      "side_mean": -44.38105392456055
    },
    {
      "high_freq": 7314.1640625,
      "loudness": -59.13566207885742,
      "loudness_range": 28.092166900634766,
      "low_freq": 4349.24462890625,
      "mid_mean": -58.528709411621094,
      "mid_to_side_loudness": -0.07604824751615524,
      "mid_to_side_loudness_range": 4.577930450439453,
      "side_mean": -58.586238861083984
    },
    {
      "high_freq": 12199.2666015625,
      "loudness": -65.26824951171875,
      "loudness_range": 27.716632843017578,
      "low_freq": 7314.1640625,
      "mid_mean": -63.53940200805664,
      "mid_to_side_loudness": -0.04130684211850166,
      "mid_to_side_loudness_range": 2.570141315460205,
      "side_mean": -63.57000732421875
    },
    {
      "loudness": -69.3176498413086,
      "loudness_range": 25.884723663330078,
      "low_freq": 12199.2666015625,
      "mid_mean": -66.69876861572266,
      "mid_to_side_loudness": 0.05053618550300598,
      "mid_to_side_loudness_range": 2.3834750652313232,
      "side_mean": -66.70421600341797
    }
  ],
  "channels": 2,
  "covariance": [
    [
      101.90222930908203,
      95.28816223144531,
      20.408828735351562,
      23.634611129760742,
      7.090423583984375,
      6.945284843444824,
      9.047392845153809,
      8.50948429107666,
      8.299983024597168,
      8.699488639831543,
      6.362266540527344,
      7.267974376678467,
      12.704855918884277,
      11.558828353881836,
      9.209293365478516,
      9.192140579223633,
      7.2359209060668945,
      7.297587871551514
    ],
    [
      95.28816223144531,
      102.14690399169922,
      20.490951538085938,
      24.843942642211914,
      7.343488693237305,
      6.9459710121154785,
      10.181717872619629,
      9.427581787109375,
      8.908329010009766,
      9.096529960632324,
      6.975265026092529,
      7.8133745193481445,
      7.28598165512085,
      6.07994270324707,
      5.826984882354736,
      5.880542755126953,
      5.548602104187012,
      5.604603290557861
    ],
    [
      20.408828735351562,
      20.490951538085938,
      37.43477249145508,
      32.556358337402344,
      20.1777400970459,
      19.720699310302734,
      20.7729549407959,
      22.748859405517578,
      23.98452377319336,
      23.556690216064453,
      26.47987937927246,
      26.421314239501953,
      24.501733779907227,
      24.146209716796875,
      21.009592056274414,
      21.02849006652832,
      16.103076934814453,
      16.064929962158203
    ],
    [
      23.634611129760742,
      24.843942642211914,
      32.556358337402344,
      35.921539306640625,
      21.266326904296875,
      20.7327823638916,
      21.945823669433594,
      22.273086547851562,
      22.8767147064209,
      22.549055099487305,
      24.712467193603516,
      24.551353454589844,
      22.919857025146484,
      22.6243839263916,
      19.867847442626953,
      19.914106369018555,
      15.497481346130371,
      15.469085693359375
    ],
    [
      7.090423583984375,
      7.343488693237305,
      20.1777400970459,
      21.266326904296875,
      35.12425994873047,
      33.7452507019043,
      30.174409866333008,
      28.539966583251953,
      31.889423370361328,
      31.45458984375,
      33.18846893310547,
      33.45027542114258,
      32.46506118774414,
      32.615787506103516,
      28.676706314086914,
      28.64330291748047,
      20.49039077758789,
      20.405385971069336
    ],
    [
      6.945284843444824,
      6.9459710121154785,
      19.720699310302734,
      20.7327823638916,
      33.7452507019043,
      36.47410583496094,
      30.651412963867188,
      29.0134334564209,
      32.3674201965332,
      31.936649322509766,
      33.125064849853516,
      33.6353759765625,
      32.53667449951172,
      32.538169860839844,
      28.567398071289062,
      28.526926040649414,
      20.44878578186035,
      20.380329132080078
    ],
    [
      9.047392845153809,
      10.181717872619629,
      20.7729549407959,
      21.945823669433594,
      30.174409866333008,
      30.651412963867188,
      37.60551452636719,
      34.671180725097656,
      34.58126449584961,
      34.114662170410156,
      38.79134750366211,
      38.69504928588867,
      37.49091339111328,
      37.58735656738281,
      32.62575912475586,
      32.57575607299805,
      23.534690856933594,
      23.45855712890625
    ],
    [
      8.50948429107666,
      9.427581787109375,
      22.748859405517578,
      22.273086547851562,
      28.539966583251953,
      29.0134334564209,
      34.671180725097656,
      36.49773025512695,
      35.241668701171875,
      34.329742431640625,
      40.125850677490234,
      39.94610595703125,
      38.78254318237305,
      39.034698486328125,
      33.24928283691406,
      33.209468841552734,
      23.95395851135254,
      23.89434051513672
    ],
    [
      8.299983024597168,
      8.908329010009766,
      23.98452377319336,
      22.8767147064209,
      31.889423370361328,
      32.3674201965332,
      34.58126449584961,
      35.241668701171875,
      44.06319046020508,
      41.84642791748047,
      47.027015686035156,
      46.79576110839844,
      45.391685485839844,
      45.788536071777344,
      38.59124755859375,
      38.59821701049805,
      27.468433380126953,
      27.353429794311523
    ],
    [
      8.699488639831543,
      9.096529960632324,
      23.556690216064453,
      22.549055099487305,
      31.45458984375,
      31.936649322509766,
      34.114662170410156,
      34.329742431640625,
      41.84642791748047,
      42.09465789794922,
      45.46747589111328,
      45.34865951538086,
      44.209251403808594,
      44.556949615478516,
      38.00672912597656,
      37.961246490478516,
      27.234724044799805,
      27.129642486572266
    ],
    [
      6.362266540527344,
      6.975265026092529,
      26.47987937927246,
      24.712467193603516,
      33.18846893310547,
      33.125064849853516,
      38.79134750366211,
      40.125850677490234,
      47.027015686035156,
      45.46747589111328,
      60.54960632324219,
      59.28972244262695,
      55.76213836669922,
      56.43143844604492,
      47.581398010253906,
      47.57704162597656,
      34.43795394897461,
      34.32509231567383
    ],
    [
      7.267974376678467,
      7.8133745193481445,
      26.421314239501953,
      24.551353454589844,
      33.45027542114258,
      33.6353759765625,
      38.69504928588867,
      39.94610595703125,
      46.79576110839844,
      45.34865951538086,
      59.28972244262695,
      59.588871002197266,
      55.3398551940918,
      55.94335174560547,
      47.42549133300781,
      47.4063720703125,
      34.401607513427734,
      34.27407455444336
    ],
    [
      12.704855918884277,
      7.28598165512085,
      24.501733779907227,
      22.919857025146484,
      32.46506118774414,
      32.53667449951172,
      37.49091339111328,
      38.78254318237305,
      45.391685485839844,
      44.209251403808594,
      55.76213836669922,
      55.3398551940918,
      63.29811477661133,
      63.528926849365234,
      51.759307861328125,
      51.69928741455078,
      36.93232345581055,
      36.787349700927734
    ],
    [
      11.558828353881836,
      6.07994270324707,
      24.146209716796875,
      22.6243839263916,
      32.615787506103516,
      32.538169860839844,
      37.58735656738281,
      39.034698486328125,
      45.788536071777344,
      44.556949615478516,
      56.43143844604492,
      55.94335174560547,
      63.528926849365234,
      64.82243347167969,
      52.50864028930664,
      52.43258285522461,
      37.5531005859375,
      37.40521240234375
    ],
    [
      9.209293365478516,
      5.826984882354736,
      21.009592056274414,
      19.867847442626953,
      28.676706314086914,
      28.567398071289062,
      32.62575912475586,
      33.24928283691406,
      38.59124755859375,
      38.00672912597656,
      47.581398010253906,
      47.42549133300781,
      51.759307861328125,
      52.50864028930664,
      45.973243713378906,
      45.87092590332031,
      33.57548904418945,
      33.44989013671875
    ],
    [
      9.192140579223633,
      5.880542755126953,
      21.02849006652832,
      19.914106369018555,
      28.64330291748047,
      28.526926040649414,
      32.57575607299805,
      33.209468841552734,
      38.59821701049805,
      37.961246490478516,
      47.57704162597656,
      47.4063720703125,
      51.69928741455078,
      52.43258285522461,
      45.87092590332031,
      45.933109283447266,
      33.559688568115234,
      33.433380126953125
    ],
    [
      7.2359209060668945,
      5.548602104187012,
      16.103076934814453,
      15.497481346130371,
      20.49039077758789,
      20.44878578186035,
      23.534690856933594,
      23.95395851135254,
      27.468433380126953,
      27.234724044799805,
      34.43795394897461,
      34.401607513427734,
      36.93232345581055,
      37.5531005859375,
      33.57548904418945,
      33.559688568115234,
      26.33094596862793,
      26.21454429626465
    ],
    [
      7.297587871551514,
      5.604603290557861,
      16.064929962158203,
      15.469085693359375,
      20.405385971069336,
      20.380329132080078,
      23.45855712890625,
      23.89434051513672,
      27.353429794311523,
      27.129642486572266,
      34.32509231567383,
      34.27407455444336,
      36.787349700927734,
      37.40521240234375,
      33.44989013671875,
      33.433380126953125,
      26.21454429626465,
      26.141550064086914
    ]
  ],
  "covariance_short": [
    [
      100.05429077148438,
      97.97045135498047,
      28.66057777404785,
      29.620241165161133,
      12.36454963684082,
      11.86777400970459,
      11.877176284790039,
      12.081602096557617,
      12.930266380310059,
      13.126870155334473,
      12.36946964263916,
      13.011475563049316,
      16.80845832824707,
      16.202293395996094,
      12.556964874267578,
      12.4727144241333,
      8.801140785217285,
      8.8277587890625
    ],
    [
      97.97045135498047,
      109.81529235839844,
      30.98704719543457,
      32.87224197387695,
      13.601639747619629,
      12.80747127532959,
      13.727274894714355,
      14.184313774108887,
      14.931839942932129,
      15.069494247436523,
      14.743816375732422,
      15.356762886047363,
      19.265974044799805,
      18.610830307006836,
      14.124800682067871,
      14.056534767150879,
      9.844948768615723,
      9.846148490905762
    ],
    [
      28.66057777404785,
      30.98704719543457,
      42.762664794921875,
      35.78895568847656,
      23.95256233215332,
      23.082393646240234,
      23.245241165161133,
      24.429515838623047,
      24.324678421020508,
      24.37948989868164,
      25.94565773010254,
      26.079099655151367,
      23.34522819519043,
      22.901525497436523,
      18.326120376586914,
      18.23894691467285,
      12.740036964416504,
      12.713109016418457
    ],
    [
      29.620241165161133,
      32.87224197387695,
      35.78895568847656,
      45.111053466796875,
      24.696115493774414,
      24.494565963745117,
      25.913021087646484,
      25.761384963989258,
      24.658815383911133,
      24.786245346069336,
      26.15110969543457,
      26.217609405517578,
      23.260419845581055,
      22.802026748657227,
      18.14773941040039,
      18.1052303314209,
      12.663514137268066,
      12.645193099975586
    ],
    [
      12.36454963684082,
      13.601639747619629,
      23.95256233215332,
      24.696115493774414,
      44.93764877319336,
      39.65278625488281,
      35.842098236083984,
      35.26345443725586,
      39.400508880615234,
      39.414310455322266,
      41.923301696777344,
      42.06761932373047,
      36.281307220458984,
      36.18240737915039,
      28.36896324157715,
      28.258155822753906,
      18.362016677856445,
      18.320560455322266
    ],
    [
      11.86777400970459,
      12.80747127532959,
      23.082393646240234,
      24.494565963745117,
      39.65278625488281,
      46.71082305908203,
      37.45165252685547,
      36.715641021728516,
      40.834999084472656,
      40.787654876708984,
      43.23186492919922,
      43.438995361328125,
      37.46526336669922,
      37.33202362060547,
      29.20490074157715,
      29.14472198486328,
      18.85657501220703,
      18.821258544921875
    ],
    [
      11.877176284790039,
      13.727274894714355,
      23.245241165161133,
      25.913021087646484,
      35.842098236083984,
      37.45165252685547,
      50.51289749145508,
      45.30633544921875,
      45.36989974975586,
      45.07297897338867,
      51.5341796875,
      51.61884689331055,
      44.870765686035156,
      44.932979583740234,
      34.998138427734375,
      34.874542236328125,
      22.910783767700195,
      22.847829818725586
    ],
    [
      12.081602096557617,
      14.184313774108887,
      24.429515838623047,
      25.761384963989258,
      35.26345443725586,
      36.715641021728516,
      45.30633544921875,
      49.73796463012695,
      46.31563186645508,
      45.5838508605957,
      53.165931701660156,
      53.09506607055664,
      46.43080520629883,
      46.611202239990234,
      35.762359619140625,
      35.641300201416016,
      23.3973388671875,
      23.33820915222168
    ],
    [
      12.930266380310059,
      14.931839942932129,
      24.324678421020508,
      24.658815383911133,
      39.400508880615234,
      40.834999084472656,
      45.36989974975586,
      46.31563186645508,
      60.3974723815918,
      56.98398971557617,
      63.041927337646484,
      62.79349136352539,
      56.089324951171875,
      56.406070709228516,
      43.318424224853516,
      43.22576141357422,
      28.16840171813965,
      28.064029693603516
    ],
    [
      13.126870155334473,
      15.069494247436523,
      24.37948989868164,
      24.786245346069336,
      39.414310455322266,
      40.787654876708984,
      45.07297897338867,
      45.5838508605957,
      56.98398971557617,
      59.344627380371094,
      62.017574310302734,
      61.80089569091797,
      55.58354568481445,
      55.82448196411133,
      43.25986099243164,
      43.145904541015625,
      28.15584945678711,
      28.064708709716797
    ],
    [
      12.36946964263916,
      14.743816375732422,
      25.94565773010254,
      26.15110969543457,
      41.923301696777344,
      43.23186492919922,
      51.5341796875,
      53.165931701660156,
      63.041927337646484,
      62.017574310302734,
      81.48533630371094,
      79.00042724609375,
      69.1019515991211,
      69.52322387695312,
      54.24776077270508,
      54.119720458984375,
      35.71356201171875,
      35.61980438232422
    ],
    [
      13.011475563049316,
      15.356762886047363,
      26.079099655151367,
      26.217609405517578,
      42.06761932373047,
      43.438995361328125,
      51.61884689331055,
      53.09506607055664,
      62.79349136352539,
      61.80089569091797,
      79.00042724609375,
      80.48767852783203,
      68.50194549560547,
      68.92863464355469,
      53.86013412475586,
      53.71519470214844,
      35.4550666809082,
      35.3529167175293
    ],
    [
      16.80845832824707,
      19.265974044799805,
      23.34522819519043,
      23.260419845581055,
      36.281307220458984,
      37.46526336669922,
      44.870765686035156,
      46.43080520629883,
      56.089324951171875,
      55.58354568481445,
      69.1019515991211,
      68.50194549560547,
      71.95358276367188,
      71.47843933105469,
      55.13674545288086,
      54.99455261230469,
      36.633121490478516,
      36.51033401489258
    ],
    [
      16.202293395996094,
      18.610830307006836,
      22.901525497436523,
      22.802026748657227,
      36.18240737915039,
      37.33202362060547,
      44.932979583740234,
      46.611202239990234,
      56.406070709228516,
      55.82448196411133,
      69.52322387695312,
      68.92863464355469,
      71.47843933105469,
      72.95011901855469,
      55.72939682006836,
      55.581382751464844,
      37.10091018676758,
      36.978057861328125
    ],
    [
      12.556964874267578,
      14.124800682067871,
      18.326120376586914,
      18.14773941040039,
      28.36896324157715,
      29.20490074157715,
      34.998138427734375,
      35.762359619140625,
      43.318424224853516,
      43.25986099243164,
      54.24776077270508,
      53.86013412475586,
      55.13674545288086,
      55.72939682006836,
      47.70162582397461,
      47.40150833129883,
      32.837547302246094,
      32.736026763916016
    ],
    [
      12.4727144241333,
      14.056534767150879,
      18.23894691467285,
      18.1052303314209,
      28.258155822753906,
      29.14472198486328,
      34.874542236328125,
      35.641300201416016,
      43.22576141357422,
      43.145904541015625,
      54.119720458984375,
      53.71519470214844,
      54.99455261230469,
      55.581382751464844,
      47.40150833129883,
      47.51322937011719,
      32.78022766113281,
      32.67839813232422
    ],
    [
      8.801140785217285,
      9.844948768615723,
      12.740036964416504,
      12.663514137268066,
      18.362016677856445,
      18.85657501220703,
      22.910783767700195,
      23.3973388671875,
      28.16840171813965,
      28.15584945678711,
      35.71356201171875,
      35.4550666809082,
      36.633121490478516,
      37.10091018676758,
      32.837547302246094,
      32.78022766113281,
      25.387271881103516,
      25.26531410217285
    ],
    [
      8.8277587890625,
      9.846148490905762,
      12.713109016418457,
      12.645193099975586,
      18.320560455322266,
      18.821258544921875,
      22.847829818725586,
      23.33820915222168,
      28.064029693603516,
      28.064708709716797,
      35.61980438232422,
      35.3529167175293,
      36.51033401489258,
      36.978057861328125,
      32.736026763916016,
      32.67839813232422,
      25.26531410217285,
      25.248844146728516
    ]
  ],
  "drr": 12.764883041381836,
  "dynamics": 5.113461971282959,
  "format": 1245190,
  "frames": 10863552,
  "loudness": -25.378698348999023,
  "loudness_range": 14.943403244018555,
  "loudness_range_short": 17.29080581665039,
  "peak": -2.3983402252197266,
  "rms": -25.653623580932617,
  "sample_rate": 44100,
  "sections": 1,
  "seekable": 1,
  "sharpness": 3.211369037628174,
  "space": 0.3233339488506317
}