{
  "bands": [
    {
      "high_freq": 148.1999969482422,
      "loudness": -18.345911026000977,
      "loudness_range": 9.542115211486816,
      "mid_mean": -14.991168022155762,
      "mid_to_side_loudness": -13.318700790405273,
      "mid_to_side_loudness_range": 14.96714973449707,
      "side_mean": -28.33662223815918
    },
    {
      "high_freq": 392.3793640136719,
      "loudness": -17.68731689453125,
      "loudness_range": 5.647287368774414,
      "low_freq": 148.1999969482422,
      "mid_mean": -15.266946792602539,
      "mid_to_side_loudness": -6.0037455558776855,
      "mid_to_side_loudness_range": 11.75133991241455,
      "side_mean": -21.29984474182129
    },
    {
      "high_freq": 794.6976318359375,
      "loudness": -17.07583999633789,
      "loudness_range": 11.758160591125488,
      "low_freq": 392.3793640136719,
      "mid_mean": -14.602924346923828,
      "mid_to_side_loudness": -5.964437007904053,
      "mid_to_side_loudness_range": 11.068647384643555,
      "side_mean": -20.591007232666016
    },
    {
      "high_freq": 1457.5709228515625,
      "loudness": -18.75485610961914,
      "loudness_range": 11.995409965515137,
      "low_freq": 794.6976318359375,
      "mid_mean": -16.140548706054688,
      "mid_to_side_loudness": -6.761010646820068,
      "mid_to_side_loudness_range": 11.244998931884766,
      "side_mean": -22.925094604492188
    },
    {
      "high_freq": 2549.74365234375,
      "loudness": -20.957643508911133,
      "loudness_range": 6.960535049438477,
      "low_freq": 1457.5709228515625,
      "mid_mean": -18.624164581298828,
      "mid_to_side_loudness": -4.785833358764648,
      "mid_to_side_loudness_range": 6.587302207946777,
      "side_mean": -23.41510009765625
    },
    {
      "high_freq": 4349.24462890625,
      "loudness": -21.1827335357666,
      "loudness_range": 9.251657485961914,
      "low_freq": 2549.74365234375,
      "mid_mean": -18.786508560180664,
      "mid_to_side_loudness": -5.023867130279541,
      "mid_to_side_loudness_range": 6.622714042663574,
      "side_mean": -23.815637588500977
    },
    {
      "high_freq": 7314.1640625,
      "loudness": -23.07233238220215,
      "loudness_range": 8.134988784790039,
      "low_freq": 4349.24462890625,
      "mid_mean": -21.10370635986328,
      "mid_to_side_loudness": -3.4820141792297363,
      "mid_to_side_loudness_range": 6.233606338500977,
      "side_mean": -24.580745697021484
    },
    {
      "high_freq": 12199.2666015625,
      "loudness": -22.1585693359375,
      "loudness_range": 6.709896087646484,
      "low_freq": 7314.1640625,
      "mid_mean": -20.538806915283203,
      "mid_to_side_loudness": -2.740058660507202,
      "mid_to_side_loudness_range": 8.279768943786621,
      "side_mean": -23.274986267089844
    },
    {
      "loudness": -24.354183197021484,
      "loudness_range": 8.081666946411133,
      "low_freq": 12199.2666015625,
      "mid_mean": -22.865528106689453,
      "mid_to_side_loudness": -2.3624284267425537,
      "mid_to_side_loudness_range": 8.27956771850586,
      "side_mean": -25.223167419433594
    }
  ],
  "bands_short": [
    {
      "high_freq": 148.1999969482422,
      "loudness": -22.460752487182617,
      "loudness_range": 19.43262481689453,
      "mid_mean": -19.478666305541992,
      "mid_to_side_loudness": -11.391022682189941,
      "mid_to_side_loudness_range": 22.07654571533203,
      "side_mean": -31.175565719604492
    },
    {
      "high_freq": 392.3793640136719,
      "loudness": -18.475685119628906,
      "loudness_range": 12.053387641906738,
      "low_freq": 148.1999969482422,
      "mid_mean": -16.202777862548828,
      "mid_to_side_loudness": -6.280890941619873,
      "mid_to_side_loudness_range": 15.988533020019531,
      "side_mean": -22.572959899902344
    },
    {
      "high_freq": 794.6976318359375,
      "loudness": -18.30274772644043,
      "loudness_range": 15.727742195129395,
      "low_freq": 392.3793640136719,
      "mid_mean": -16.0836238861084,
      "mid_to_side_loudness": -5.7280731201171875,
      "mid_to_side_loudness_range": 14.211825370788574,
      "side_mean": -21.873552322387695
    },
    {
      "high_freq": 1457.5709228515625,
      "loudness": -19.544010162353516,
      "loudness_range": 16.38318634033203,
      "low_freq": 794.6976318359375,
      "mid_mean": -17.13492202758789,
      "mid_to_side_loudness": -6.3186211585998535,
      "mid_to_side_loudness_range": 14.046637535095215,
      "side_mean": -23.62603759765625
    },
    {
      "high_freq": 2549.74365234375,
      "loudness": -22.855262756347656,
      "loudness_range": 14.907194137573242,
      "low_freq": 1457.5709228515625,
      "mid_mean": -20.636962890625,
      "mid_to_side_loudness": -4.921835899353027,
      "mid_to_side_loudness_range": 10.643733978271484,
      "side_mean": -25.54811668395996
    },
    {
      "high_freq": 4349.24462890625,
      "loudness": -22.858566284179688,
      "loudness_range": 15.242947578430176,
      "low_freq": 2549.74365234375,
      "mid_mean": -20.63945770263672,
      "mid_to_side_loudness": -4.95596170425415,
      "mid_to_side_loudness_range": 10.541153907775879,
      "side_mean": -25.594297409057617
    },
    {
      "high_freq": 7314.1640625,
      "loudness": -24.344257354736328,
      "loudness_range": 13.373300552368164,
      "low_freq": 4349.24462890625,
      "mid_mean": -22.41162109375,
      "mid_to_side_loudness": -3.951061487197876,
      "mid_to_side_loudness_range": 9.309462547302246,
      "side_mean": -26.314682006835938
    },
    {
      "high_freq": 12199.2666015625,
      "loudness": -23.794828414916992,
      "loudness_range": 13.86874008178711,
      "low_freq": 7314.1640625,
      "mid_mean": -22.291370391845703,
      "mid_to_side_loudness": -3.321397066116333,
      "mid_to_side_loudness_range": 12.442987442016602,
      "side_mean": -25.38874626159668
    },
    {
      "loudness": -26.075172424316406,
      "loudness_range": 15.865489959716797,
      "low_freq": 12199.2666015625,
      "mid_mean": -24.663646697998047,
      "mid_to_side_loudness": -2.9401843547821045,
      "mid_to_side_loudness_range": 12.169730186462402,
      "side_mean": -27.336341857910156
    }
  ],
  "channels": 2,
  "covariance": [
    [
      16.16924285888672,
      3.3865461349487305,
      4.707117557525635,
      -0.5949358940124512,
      -2.4539129734039307,
      -1.6098976135253906,
      -2.5037786960601807,
      -0.6759348511695862,
      0.09115037322044373,
      1.486398696899414,
      0.2855833172798157,
      1.7215884923934937,
      0.025457188487052917,
      1.4616957902908325,
      0.832644522190094,
      1.1150017976760864,
      0.22341151535511017,
      -0.0013952093431726098
    ],
    [
      3.3865461349487305,
      15.70382022857666,
      3.221184015274048,
      8.2005615234375,
      3.8423335552215576,
      7.740675449371338,
      2.378422260284424,
      3.2797162532806396,
      0.8504875898361206,
      1.328138828277588,
      2.902472972869873,
      2.979696750640869,
      3.121082067489624,
      1.8782639503479004,
      3.8561818599700928,
      0.6176701784133911,
      3.8674278259277344,
      1.1792229413986206
    ],
    [
      4.707117557525635,
      3.221184015274048,
      5.864943981170654,
      2.8815808296203613,
      0.19743023812770844,
      1.8374686241149902,
      -1.0017424821853638,
      0.7720867991447449,
      0.7934123873710632,
      1.4078679084777832,
      1.348636269569397,
      1.792606234550476,
      1.1339688301086426,
      1.3139064311981201,
      1.8575609922409058,
      0.9345445036888123,
      2.0472187995910645,
      0.9617149233818054
    ],
    [
      -0.5949358940124512,
      8.2005615234375,
      2.8815808296203613,
      19.216655731201172,
      8.492554664611816,
      13.288786888122559,
      5.426420211791992,
      7.319063663482666,
      1.1034880876541138,
      1.5268977880477905,
      3.8257460594177246,
      4.305356979370117,
      3.2946436405181885,
      3.7291030883789062,
      0.5900859236717224,
      1.1668977737426758,
      0.2655230164527893,
      1.8646023273468018
    ],
    [
      -2.4539129734039307,
      3.8423335552215576,
      0.19743023812770844,
      8.492554664611816,
      18.093830108642578,
      13.30659008026123,
      7.076551914215088,
      4.3817901611328125,
      -0.2878924608230591,
      -1.2058311700820923,
      2.593693733215332,
      0.9850825071334839,
      0.9586606621742249,
      0.29659268260002136,
      -2.1127915382385254,
      -0.7795098423957825,
      -1.969058871269226,
      0.7335811257362366
    ],
    [
      -1.6098976135253906,
      7.740675449371338,
      1.8374686241149902,
      13.288786888122559,
      13.30659008026123,
      24.29462242126465,
      5.992574691772461,
      12.207913398742676,
      2.2680041790008545,
      4.087352275848389,
      3.905590057373047,
      5.642727851867676,
      4.128422260284424,
      4.97304105758667,
      2.0132830142974854,
      2.647883176803589,
      3.450373888015747,
      4.410739421844482
    ],
    [
      -2.5037786960601807,
      2.378422260284424,
      -1.0017424821853638,
      5.426420211791992,
      7.076551914215088,
      5.992574691772461,
      21.39226722717285,
      9.476579666137695,
      3.6137146949768066,
      -0.8321102261543274,
      0.04823092371225357,
      -1.498835563659668,
      0.17756862938404083,
      -0.8026251196861267,
      -2.646667957305908,
      -1.9931790828704834,
      -2.362776517868042,
      -0.9754363298416138
    ],
    [
      -0.6759348511695862,
      3.2797162532806396,
      0.7720867991447449,
      7.319063663482666,
      4.3817901611328125,
      12.207913398742676,
      9.476579666137695,
      16.460960388183594,
      4.458791255950928,
      5.586239814758301,
      1.1600613594055176,
      3.737149953842163,
      2.7309577465057373,
      4.496163845062256,
      1.662433385848999,
      2.665172576904297,
      2.7643752098083496,
      3.059603214263916
    ],
    [
      0.09115037322044373,
      0.8504875898361206,
      0.7934123873710632,
      1.1034880876541138,
      -0.2878924608230591,
      2.2680041790008545,
      3.6137146949768066,
      4.458791255950928,
      7.805960655212402,
      4.808343410491943,
      1.310732126235962,
      1.6370949745178223,
      1.4465199708938599,
      1.927794337272644,
      1.3048207759857178,
      1.3958110809326172,
      2.0464370250701904,
      1.3914560079574585
    ],
    [
      1.486398696899414,
      1.328138828277588,
      1.4078679084777832,
      1.5268977880477905,
      -1.2058311700820923,
      4.087352275848389,
      -0.8321102261543274,
      5.586239814758301,
      4.808343410491943,
      8.241349220275879,
      1.1860140562057495,
      4.6522932052612305,
      1.8012694120407104,
      4.337982654571533,
      2.5963921546936035,
      3.9830434322357178,
      3.2397232055664062,
      3.2159292697906494
    ],
    [
      0.2855833172798157,
      2.902472972869873,
      1.348636269569397,
      3.8257460594177246,
      2.593693733215332,
      3.905590057373047,
      0.04823092371225357,
      1.1600613594055176,
      1.310732126235962,
      1.1860140562057495,
      11.037527084350586,
      6.835052490234375,
      4.407594203948975,
      3.6806514263153076,
      0.9421234130859375,
      1.4754399061203003,
      0.3025698661804199,
      0.7833796739578247
    ],
    [
      1.7215884923934937,
      2.979696750640869,
      1.792606234550476,
      4.305356979370117,
      0.9850825071334839,
      5.642727851867676,
      -1.498835563659668,
      3.737149953842163,
      1.6370949745178223,
      4.6522932052612305,
      6.835052490234375,
      9.370119094848633,
      3.903376579284668,
      6.658952713012695,
      1.805114507675171,
      4.345544815063477,
      1.2346575260162354,
      2.598344087600708
    ],
    [
      0.025457188487052917,
      3.121082067489624,
      1.1339688301086426,
      3.2946436405181885,
      0.9586606621742249,
      4.128422260284424,
      0.17756862938404083,
      2.7309577465057373,
      1.4465199708938599,
      1.8012694120407104,
      4.407594203948975,
      3.903376579284668,
      7.890072822570801,
      5.798482418060303,
      4.0054497718811035,
      2.449115753173828,
      3.3719966411590576,
      1.9718998670578003
    ],
    [
      1.4616957902908325,
      1.8782639503479004,
      1.3139064311981201,
      3.7291030883789062,
      0.29659268260002136,
      4.97304105758667,
      -0.8026251196861267,
      4.496163845062256,
      1.927794337272644,
      4.337982654571533,
      3.6806514263153076,
      6.658952713012695,
      5.798482418060303,
      8.818073272705078,
      2.4190876483917236,
      5.274765491485596,
      1.3959789276123047,
      3.1548855304718018
    ],
    [
      0.832644522190094,
      3.8561818599700928,
      1.8575609922409058,
      0.5900859236717224,
      -2.1127915382385254,
      2.0132830142974854,
      -2.646667957305908,
      1.662433385848999,
      1.3048207759857178,
      2.5963921546936035,
      0.9421234130859375,
      1.805114507675171,
      4.0054497718811035,
      2.4190876483917236,
      9.395873069763184,
      3.066897392272949,
      10.024764060974121,
      3.4419684410095215
    ],
    [
      1.1150017976760864,
      0.6176701784133911,
      0.9345445036888123,
      1.1668977737426758,
      -0.7795098423957825,
      2.647883176803589,
      -1.9931790828704834,
      2.665172576904297,
      1.3958110809326172,
      3.9830434322357178,
      1.4754399061203003,
      4.345544815063477,
      2.449115753173828,
      5.274765491485596,
      3.066897392272949,
      5.772561550140381,
      2.7704532146453857,
      4.141935348510742
    ],
    [
      0.22341151535511017,
      3.8674278259277344,
      2.0472187995910645,
      0.2655230164527893,
      -1.969058871269226,
      3.450373888015747,
      -2.362776517868042,
      2.7643752098083496,
      2.0464370250701904,
      3.2397232055664062,
      0.3025698661804199,
      1.2346575260162354,
      3.3719966411590576,
      1.3959789276123047,
      10.024764060974121,
      2.7704532146453857,
      13.774345397949219,
      5.093613147735596
    ],
    [
      -0.0013952093431726098,
      1.1792229413986206,
      0.9617149233818054,
      1.8646023273468018,
      0.7335811257362366,
      4.410739421844482,
      -0.9754363298416138,
      3.059603214263916,
      1.3914560079574585,
      3.2159292697906494,
      0.7833796739578247,
      2.598344087600708,
      1.9718998670578003,
      3.1548855304718018,
      3.4419684410095215,
      4.141935348510742,
      5.093613147735596,
      5.232663631439209
    ]
  ],
  "covariance_short": [
    [
      48.73768997192383,
      15.076375007629395,
      8.921038627624512,
      -1.789730191230774,
      -4.9366044998168945,
      -4.494016647338867,
      -4.497898578643799,
      -3.1959147453308105,
      -1.7313976287841797,
      -2.6111161708831787,
      -2.0809521675109863,
      -2.559183120727539,
      -1.911628246307373,
      -2.4486985206604004,
      1.418761134147644,
      -1.5871878862380981,
      2.5402019023895264,
      -1.2253484725952148
    ],
    [
      15.076375007629395,
      35.68637466430664,
      7.197251796722412,
      10.247544288635254,
      4.1473259925842285,
      7.543125152587891,
      2.1676409244537354,
      3.979551315307617,
      2.4370195865631104,
      1.6911228895187378,
      4.148419380187988,
      2.461315155029297,
      4.0002264976501465,
      1.221323847770691,
      7.9812469482421875,
      1.6002511978149414,
      9.511248588562012,
      4.1075544357299805
    ],
    [
      8.921038627624512,
      7.197251796722412,
      21.353378295898438,
      10.606395721435547,
      3.655679702758789,
      5.572930812835693,
      1.140673279762268,
      3.584423542022705,
      6.779741287231445,
      6.295359134674072,
      7.816434860229492,
      6.0749592781066895,
      7.339223384857178,
      5.808043956756592,
      10.77035903930664,
      6.671854019165039,
      12.873828887939453,
      9.18061351776123
    ],
    [
      -1.789730191230774,
      10.247544288635254,
      10.606395721435547,
      33.01232147216797,
      11.73630428314209,
      20.383455276489258,
      8.419970512390137,
      14.380705833435059,
      8.433313369750977,
      10.515800476074219,
      11.887945175170898,
      13.165844917297363,
      11.180390357971191,
      13.244128227233887,
      9.860247611999512,
      10.215234756469727,
      11.685946464538574,
      13.220983505249023
    ],
    [
      -4.9366044998168945,
      4.1473259925842285,
      3.655679702758789,
      11.73630428314209,
      33.437225341796875,
      21.06058692932129,
      13.124715805053711,
      10.523054122924805,
      5.301389217376709,
      4.459461212158203,
      10.149956703186035,
      7.683581352233887,
      6.385108470916748,
      6.128478527069092,
      3.66544246673584,
      3.581462860107422,
      6.072464942932129,
      7.7786030769348145
    ],
    [
      -4.494016647338867,
      7.543125152587891,
      5.572930812835693,
      20.383455276489258,
      21.06058692932129,
      39.22593307495117,
      11.097940444946289,
      22.116029739379883,
      10.813371658325195,
      15.606644630432129,
      12.899853706359863,
      17.537288665771484,
      12.751989364624023,
      17.6505069732666,
      10.618541717529297,
      14.030328750610352,
      14.383856773376465,
      18.265378952026367
    ],
    [
      -4.497898578643799,
      2.1676409244537354,
      1.140673279762268,
      8.419970512390137,
      13.124715805053711,
      11.097940444946289,
      38.92131423950195,
      20.116456985473633,
      14.259361267089844,
      7.5461344718933105,
      7.4365386962890625,
      5.800811290740967,
      6.304411888122559,
      6.538896560668945,
      2.4738192558288574,
      3.9491348266601562,
      4.3142242431640625,
      6.820103168487549
    ],
    [
      -3.1959147453308105,
      3.979551315307617,
      3.584423542022705,
      14.380705833435059,
      10.523054122924805,
      22.116029739379883,
      20.116456985473633,
      33.993621826171875,
      15.927234649658203,
      18.796417236328125,
      9.988795280456543,
      15.466025352478027,
      11.363459587097168,
      16.91408348083496,
      9.340367317199707,
      14.289281845092773,
      11.638272285461426,
      16.460527420043945
    ],
    [
      -1.7313976287841797,
      2.4370195865631104,
      6.779741287231445,
      8.433313369750977,
      5.301389217376709,
      10.813371658325195,
      14.259361267089844,
      15.927234649658203,
      27.73752212524414,
      20.98849105834961,
      14.147953033447266,
      14.705427169799805,
      13.35773754119873,
      15.055569648742676,
      12.188690185546875,
      13.973346710205078,
      13.245832443237305,
      15.180931091308594
    ],
    [
      -2.6111161708831787,
      1.6911228895187378,
      6.295359134674072,
      10.515800476074219,
      4.459461212158203,
      15.606644630432129,
      7.5461344718933105,
      18.796417236328125,
      20.98849105834961,
      29.84181022644043,
      14.370366096496582,
      22.1061954498291,
      14.308280944824219,
      22.38852310180664,
      13.583897590637207,
      21.280803680419922,
      14.420309066772461,
      20.971363067626953
    ],
    [
      -2.0809521675109863,
      4.148419380187988,
      7.816434860229492,
      11.887945175170898,
      10.149956703186035,
      12.899853706359863,
      7.4365386962890625,
      9.988795280456543,
      14.147953033447266,
      14.370366096496582,
      30.847328186035156,
      22.938718795776367,
      18.114307403564453,
      17.491788864135742,
      13.217479705810547,
      13.911150932312012,
      12.529382705688477,
      14.269084930419922
    ],
    [
      -2.559183120727539,
      2.461315155029297,
      6.0749592781066895,
      13.165844917297363,
      7.683581352233887,
      17.537288665771484,
      5.800811290740967,
      15.466025352478027,
      14.705427169799805,
      22.1061954498291,
      22.938718795776367,
      31.527320861816406,
      16.81052589416504,
      25.964811325073242,
      12.445897102355957,
      21.813373565673828,
      11.218045234680176,
      19.355676651000977
    ],
    [
      -1.911628246307373,
      4.0002264976501465,
      7.339223384857178,
      11.180390357971191,
      6.385108470916748,
      12.751989364624023,
      6.304411888122559,
      11.363459587097168,
      13.35773754119873,
      14.308280944824219,
      18.114307403564453,
      16.81052589416504,
      24.45978355407715,
      21.644081115722656,
      18.562082290649414,
      16.390005111694336,
      17.96673011779785,
      16.430633544921875
    ],
    [
      -2.4486985206604004,
      1.221323847770691,
      5.808043956756592,
      13.244128227233887,
      6.128478527069092,
      17.6505069732666,
      6.538896560668945,
      16.91408348083496,
      15.055569648742676,
      22.38852310180664,
      17.491788864135742,
      25.964811325073242,
      21.644081115722656,
      32.997344970703125,
      15.582765579223633,
      26.706331253051758,
      13.457027435302734,
      22.98590850830078
    ],
    [
      1.418761134147644,
      7.9812469482421875,
      10.77035903930664,
      9.860247611999512,
      3.66544246673584,
      10.618541717529297,
      2.4738192558288574,
      9.340367317199707,
      12.188690185546875,
      13.583897590637207,
      13.217479705810547,
      12.445897102355957,
      18.562082290649414,
      15.582765579223633,
      29.932355880737305,
      18.785205841064453,
      30.073190689086914,
      20.236732482910156
    ],
    [
      -1.5871878862380981,
      1.6002511978149414,
      6.671854019165039,
      10.215234756469727,
      3.581462860107422,
      14.030328750610352,
      3.9491348266601562,
      14.289281845092773,
      13.973346710205078,
      21.280803680419922,
      13.911150932312012,
      21.813373565673828,
      16.390005111694336,
      26.706331253051758,
      18.785205841064453,
      33.764404296875,
      17.32598304748535,
      29.49142074584961
    ],
    [
      2.5402019023895264,
      9.511248588562012,
      12.873828887939453,
      11.685946464538574,
      6.072464942932129,
      14.383856773376465,
      4.3142242431640625,
      11.638272285461426,
      13.245832443237305,
      14.420309066772461,
      12.529382705688477,
      11.218045234680176,
      17.96673011779785,
      13.457027435302734,
      30.073190689086914,
      17.32598304748535,
      39.75235366821289,
      24.788169860839844
    ],
    [
      -1.2253484725952148,
      4.1075544357299805,
      9.18061351776123,
      13.220983505249023,
      7.7786030769348145,
      18.265378952026367,
      6.820103168487549,
      16.460527420043945,
      15.180931091308594,
      20.971363067626953,
      14.269084930419922,
      19.355676651000977,
      16.430633544921875,
      22.98590850830078,
      20.236732482910156,
      29.49142074584961,
      24.788169860839844,
      36.21648025512695
    ]
  ],
  "drr": 9.67591667175293,
  "dynamics": 1.5587167739868164,
  "format": 1245190,
  "frames": 12066816,
  "loudness": -6.19287109375,
  "loudness_range": 3.1295623779296875,
  "loudness_range_short": 6.824148654937744,
  "peak": 2.3963704109191895,
  "rms": -8.980690002441406,
  "sample_rate": 44100,
  "sections": 1,
  "seekable": 1,
  "sharpness": 2.629788398742676,
  "space": -6.6083598136901855
}