{
  "bands": [
    {
      "high_freq": 148.1999969482422,
      "loudness": -24.685012817382812,
      "loudness_range": 12.141117095947266,
      "mid_mean": -21.221574783325195,
      "mid_to_side_loudness": -14.602612495422363,
      "mid_to_side_loudness_range": 16.303247451782227,
      "side_mean": -36.235416412353516
    },
    {
      "high_freq": 392.3793640136719,
      "loudness": -26.971254348754883,
      "loudness_range": 8.836111068725586,
      "low_freq": 148.1999969482422,
      "mid_mean": -23.878013610839844,
      "mid_to_side_loudness": -8.225580215454102,
      "mid_to_side_loudness_range": 10.265890121459961,
      "side_mean": -32.40424728393555
    },
    {
      "high_freq": 794.6976318359375,
      "loudness": -28.803316116333008,
      "loudness_range": 16.525800704956055,
      "low_freq": 392.3793640136719,
      "mid_mean": -25.911434173583984,
      "mid_to_side_loudness": -7.826282978057861,
      "mid_to_side_loudness_range": 10.547286987304688,
      "side_mean": -33.86604309082031
    },
    {
      "high_freq": 1457.5709228515625,
      "loudness": -32.73338317871094,
      "loudness_range": 22.68646240234375,
      "low_freq": 794.6976318359375,
      "mid_mean": -29.80168914794922,
      "mid_to_side_loudness": -8.23063850402832,
      "mid_to_side_loudness_range": 10.80749225616455,
      "side_mean": -38.12942886352539
    },
    {
      "high_freq": 2549.74365234375,
      "loudness": -31.826051712036133,
      "loudness_range": 21.357513427734375,
      "low_freq": 1457.5709228515625,
      "mid_mean": -28.923805236816406,
      "mid_to_side_loudness": -8.201455116271973,
      "mid_to_side_loudness_range": 11.629688262939453,
      "side_mean": -37.25156021118164
    },
    {
      "high_freq": 4349.24462890625,
      "loudness": -33.977317810058594,
      "loudness_range": 19.568269729614258,
      "low_freq": 2549.74365234375,
      "mid_mean": -30.93625259399414,
      "mid_to_side_loudness": -9.098910331726074,
      "mid_to_side_loudness_range": 11.856904983520508,
      "side_mean": -40.18714141845703
    },
    {
      "high_freq": 7314.1640625,
      "loudness": -36.105812072753906,
      "loudness_range": 20.020736694335938,
      "low_freq": 4349.24462890625,
      "mid_mean": -33.093421936035156,
      "mid_to_side_loudness": -8.666864395141602,
      "mid_to_side_loudness_range": 13.477753639221191,
      "side_mean": -42.20417404174805
    },
    {
      "high_freq": 12199.2666015625,
      "loudness": -37.27327346801758,
      "loudness_range": 19.080127716064453,
      "low_freq": 7314.1640625,
      "mid_mean": -34.666465759277344,
      "mid_to_side_loudness": -6.635824203491211,
      "mid_to_side_loudness_range": 12.542235374450684,
      "side_mean": -42.05937957763672
    },
    {
      "loudness": -42.770572662353516,
      "loudness_range": 16.998027801513672,
      "low_freq": 12199.2666015625,
      "mid_mean": -41.28217315673828,
      "mid_to_side_loudness": -2.6414241790771484,
      "mid_to_side_loudness_range": 5.855975151062012,
      "side_mean": -43.61697769165039
    }
  ],
  "bands_short": [
    {
      "high_freq": 148.1999969482422,
      "loudness": -27.33277702331543,
      "loudness_range": 16.45948600769043,
      "mid_mean": -23.93004608154297,
      "mid_to_side_loudness": -14.701065063476562,
      "mid_to_side_loudness_range": 18.912351608276367,
      "side_mean": -38.98424530029297
    },
    {
      "high_freq": 392.3793640136719,
      "loudness": -26.51679801940918,
      "loudness_range": 11.161018371582031,
      "low_freq": 148.1999969482422,
      "mid_mean": -23.46173858642578,
      "mid_to_side_loudness": -8.575647354125977,
      "mid_to_side_loudness_range": 12.76089859008789,
      "side_mean": -32.36661911010742
    },
    {
      "high_freq": 794.6976318359375,
      "loudness": -29.209163665771484,
      "loudness_range": 17.832584381103516,
      "low_freq": 392.3793640136719,
      "mid_mean": -26.46865463256836,
      "mid_to_side_loudness": -7.308162689208984,
      "mid_to_side_loudness_range": 12.407766342163086,
      "side_mean": -33.95005416870117
    },
    {
      "high_freq": 1457.5709228515625,
      "loudness": -33.508304595947266,
      "loudness_range": 24.55274772644043,
      "low_freq": 794.6976318359375,
      "mid_mean": -30.790456771850586,
      "mid_to_side_loudness": -7.530427932739258,
      "mid_to_side_loudness_range": 12.778645515441895,
      "side_mean": -38.451820373535156
    },
    {
      "high_freq": 2549.74365234375,
      "loudness": -33.01997375488281,
      "loudness_range": 23.559553146362305,
      "low_freq": 1457.5709228515625,
      "mid_mean": -30.358205795288086,
      "mid_to_side_loudness": -7.32248592376709,
      "mid_to_side_loudness_range": 14.057494163513184,
      "side_mean": -37.798667907714844
    },
    {
      "high_freq": 4349.24462890625,
      "loudness": -35.428733825683594,
      "loudness_range": 22.098257064819336,
      "low_freq": 2549.74365234375,
      "mid_mean": -32.647579193115234,
      "mid_to_side_loudness": -7.809782981872559,
      "mid_to_side_loudness_range": 12.973722457885742,
      "side_mean": -40.59016036987305
    },
    {
      "high_freq": 7314.1640625,
      "loudness": -38.9467658996582,
      "loudness_range": 24.42568588256836,
      "low_freq": 4349.24462890625,
      "mid_mean": -36.213924407958984,
      "mid_to_side_loudness": -7.280086040496826,
      "mid_to_side_loudness_range": 12.711589813232422,
      "side_mean": -43.71031188964844
    },
    {
      "high_freq": 12199.2666015625,
      "loudness": -41.29273223876953,
      "loudness_range": 27.29245376586914,
      "low_freq": 7314.1640625,
      "mid_mean": -38.839874267578125,
      "mid_to_side_loudness": -6.760708332061768,
      "mid_to_side_loudness_range": 13.288527488708496,
      "side_mean": -46.26651382446289
    },
    {
      "loudness": -50.84434127807617,
      "loudness_range": 33.803489685058594,
      "low_freq": 12199.2666015625,
      "mid_mean": -49.09339904785156,
      "mid_to_side_loudness": -4.772305488586426,
      "mid_to_side_loudness_range": 10.33712387084961,
      "side_mean": -53.51053237915039
    }
  ],
  "channels": 2,
  "covariance": [
    [
      22.102523803710938,
      10.477592468261719,
      6.563159465789795,
      6.726252555847168,
      6.154372692108154,
      7.689950466156006,
      8.370620727539062,
      9.037033081054688,
      7.510330677032471,
      7.403624057769775,
      6.289149284362793,
      7.696460247039795,
      7.294824600219727,
      8.863777160644531,
      3.1819944381713867,
      10.367220878601074,
      5.064971446990967,
      5.841516494750977
    ],
    [
      10.477592468261719,
      28.069887161254883,
      5.778691291809082,
      10.321928024291992,
      9.692256927490234,
      11.611332893371582,
      12.590923309326172,
      12.991034507751465,
      11.080862045288086,
      11.04655933380127,
      9.451167106628418,
      10.356940269470215,
      6.72181510925293,
      10.118879318237305,
      3.445190906524658,
      5.402304649353027,
      0.07666849344968796,
      -1.9107884168624878
    ],
    [
      6.563159465789795,
      5.778691291809082,
      13.431017875671387,
      8.252674102783203,
      10.787928581237793,
      8.931492805480957,
      11.364412307739258,
      8.95035171508789,
      12.57111930847168,
      8.783187866210938,
      14.415765762329102,
      10.064558982849121,
      14.656316757202148,
      10.516528129577637,
      11.257545471191406,
      9.854700088500977,
      7.963332176208496,
      6.198875904083252
    ],
    [
      6.726252555847168,
      10.321928024291992,
      8.252674102783203,
      15.913007736206055,
      14.575868606567383,
      14.915369987487793,
      17.103866577148438,
      16.404529571533203,
      16.92926788330078,
      15.0194730758667,
      14.917291641235352,
      15.119287490844727,
      9.74638557434082,
      13.536134719848633,
      6.9975056648254395,
      7.711232662200928,
      3.5486433506011963,
      1.7794601917266846
    ],
    [
      6.154372692108154,
      9.692256927490234,
      10.787928581237793,
      14.575868606567383,
      39.84911346435547,
      28.43621063232422,
      40.251075744628906,
      28.534440994262695,
      38.829288482666016,
      25.17913055419922,
      35.41408920288086,
      26.121999740600586,
      22.6849365234375,
      19.729162216186523,
      17.677244186401367,
      12.809392929077148,
      7.216393947601318,
      5.07682991027832
    ],
    [
      7.689950466156006,
      11.611332893371582,
      8.931492805480957,
      14.915369987487793,
      28.43621063232422,
      30.642871856689453,
      34.62709426879883,
      30.11319923400879,
      31.60472297668457,
      25.186351776123047,
      27.089139938354492,
      25.199905395507812,
      17.274887084960938,
      19.97393226623535,
      13.33122444152832,
      13.259596824645996,
      6.213701248168945,
      3.63004994392395
    ],
    [
      8.370620727539062,
      12.590923309326172,
      11.364412307739258,
      17.103866577148438,
      40.251075744628906,
      34.62709426879883,
      64.82809448242188,
      45.473148345947266,
      48.894020080566406,
      32.96585464477539,
      44.04120635986328,
      33.48749923706055,
      31.501232147216797,
      27.810909271240234,
      23.54339599609375,
      20.317174911499023,
      11.889284133911133,
      8.398920059204102
    ],
    [
      9.037033081054688,
      12.991034507751465,
      8.95035171508789,
      16.404529571533203,
      28.534440994262695,
      30.11319923400879,
      45.473148345947266,
      40.688941955566406,
      36.1126594543457,
      29.18689727783203,
      30.460512161254883,
      28.436962127685547,
      20.871110916137695,
      23.90446662902832,
      15.619668960571289,
      16.575424194335938,
      8.140954971313477,
      5.066057205200195
    ],
    [
      7.510330677032471,
      11.080862045288086,
      12.57111930847168,
      16.92926788330078,
      38.829288482666016,
      31.60472297668457,
      48.894020080566406,
      36.1126594543457,
      59.837711334228516,
      35.65765380859375,
      50.05728530883789,
      35.440460205078125,
      35.46253204345703,
      28.222352981567383,
      27.5273494720459,
      19.19127082824707,
      11.512609481811523,
      7.0087361335754395
    ],
    [
      7.403624057769775,
      11.04655933380127,
      8.783187866210938,
      15.0194730758667,
      25.17913055419922,
      25.186351776123047,
      32.96585464477539,
      29.18689727783203,
      35.65765380859375,
      29.229969024658203,
      29.145484924316406,
      27.11578369140625,
      19.94849967956543,
      21.814672470092773,
      15.165644645690918,
      14.292922973632812,
      7.195952892303467,
      4.235598087310791
    ],
    [
      6.289149284362793,
      9.451167106628418,
      14.415765762329102,
      14.917291641235352,
      35.41408920288086,
      27.089139938354492,
      44.04120635986328,
      30.460512161254883,
      50.05728530883789,
      29.145484924316406,
      52.86370849609375,
      32.358577728271484,
      41.960716247558594,
      28.758499145507812,
      33.61240768432617,
      22.250234603881836,
      16.674116134643555,
      10.855924606323242
    ],
    [
      7.696460247039795,
      10.356940269470215,
      10.064558982849121,
      15.119287490844727,
      26.121999740600586,
      25.199905395507812,
      33.48749923706055,
      28.436962127685547,
      35.440460205078125,
      27.11578369140625,
      32.358577728271484,
      29.708227157592773,
      24.07836151123047,
      24.25264549255371,
      19.051177978515625,
      17.286415100097656,
      9.835619926452637,
      6.098329067230225
    ],
    [
      7.294824600219727,
      6.72181510925293,
      14.656316757202148,
      9.74638557434082,
      22.6849365234375,
      17.274887084960938,
      31.501232147216797,
      20.871110916137695,
      35.46253204345703,
      19.94849967956543,
      41.960716247558594,
      24.07836151123047,
      53.73686599731445,
      29.82539176940918,
      43.708412170410156,
      30.452091217041016,
      27.47327995300293,
      18.995296478271484
    ],
    [
      8.863777160644531,
      10.118879318237305,
      10.516528129577637,
      13.536134719848633,
      19.729162216186523,
      19.97393226623535,
      27.810909271240234,
      23.90446662902832,
      28.222352981567383,
      21.814672470092773,
      28.758499145507812,
      24.25264549255371,
      29.82539176940918,
      29.813905715942383,
      25.038890838623047,
      26.561227798461914,
      19.268259048461914,
      15.387365341186523
    ],
    [
      3.1819944381713867,
      3.445190906524658,
      11.257545471191406,
      6.9975056648254395,
      17.677244186401367,
      13.33122444152832,
      23.54339599609375,
      15.619668960571289,
      27.5273494720459,
      15.165644645690918,
      33.61240768432617,
      19.051177978515625,
      43.708412170410156,
      25.038890838623047,
      48.53456115722656,
      28.972949981689453,
      32.42566680908203,
      23.622852325439453
    ],
    [
      10.367220878601074,
      5.402304649353027,
      9.854700088500977,
      7.711232662200928,
      12.809392929077148,
      13.259596824645996,
      20.317174911499023,
      16.575424194335938,
      19.19127082824707,
      14.292922973632812,
      22.250234603881836,
      17.286415100097656,
      30.452091217041016,
      26.561227798461914,
      28.972949981689453,
      37.488197326660156,
      29.7890682220459,
      28.05069923400879
    ],
    [
      5.064971446990967,
      0.07666849344968796,
      7.963332176208496,
      3.5486433506011963,
      7.216393947601318,
      6.213701248168945,
      11.889284133911133,
      8.140954971313477,
      11.512609481811523,
      7.195952892303467,
      16.674116134643555,
      9.835619926452637,
      27.47327995300293,
      19.268259048461914,
      32.42566680908203,
      29.7890682220459,
      39.42744064331055,
      36.78208923339844
    ],
    [
      5.841516494750977,
      -1.9107884168624878,
      6.198875904083252,
      1.7794601917266846,
      5.07682991027832,
      3.63004994392395,
      8.398920059204102,
      5.066057205200195,
      7.0087361335754395,
      4.235598087310791,
      10.855924606323242,
      6.098329067230225,
      18.995296478271484,
      15.387365341186523,
      23.622852325439453,
      28.05069923400879,
      36.78208923339844,
      43.2883415222168
    ]
  ],
  "covariance_short": [
    [
      35.31045150756836,
      15.855690002441406,
      12.863829612731934,
      9.401898384094238,
      9.101530075073242,
      9.737116813659668,
      11.151235580444336,
      10.7366304397583,
      10.849528312683105,
      9.69204330444336,
      10.886245727539062,
      10.49138355255127,
      13.371379852294922,
      12.693266868591309,
      11.876951217651367,
      16.223024368286133,
      18.900907516479492,
      20.37822723388672
    ],
    [
      15.855690002441406,
      40.411231994628906,
      7.830400466918945,
      14.231371879577637,
      10.032286643981934,
      11.90612506866455,
      13.271703720092773,
      13.16301155090332,
      12.478951454162598,
      11.822126388549805,
      11.778589248657227,
      11.158485412597656,
      12.284161567687988,
      11.538664817810059,
      8.253348350524902,
      10.38460636138916,
      9.717717170715332,
      7.1359429359436035
    ],
    [
      12.863829612731934,
      7.830400466918945,
      18.72222137451172,
      8.768068313598633,
      11.111414909362793,
      9.288437843322754,
      11.240432739257812,
      9.10964298248291,
      12.545646667480469,
      8.950068473815918,
      15.169684410095215,
      10.553665161132812,
      18.24802589416504,
      13.480127334594727,
      15.582972526550293,
      16.7110595703125,
      19.714067459106445,
      19.55731964111328
    ],
    [
      9.401898384094238,
      14.231371879577637,
      8.768068313598633,
      19.451494216918945,
      13.93209171295166,
      15.532217979431152,
      17.79622459411621,
      17.164060592651367,
      17.728771209716797,
      15.685919761657715,
      16.390254974365234,
      15.707629203796387,
      15.269745826721191,
      15.537527084350586,
      11.12601089477539,
      14.916943550109863,
      13.625483512878418,
      12.189431190490723
    ],
    [
      9.101530075073242,
      10.032286643981934,
      11.111414909362793,
      13.93209171295166,
      45.22296905517578,
      29.208454132080078,
      42.88673782348633,
      29.122089385986328,
      42.894134521484375,
      25.999155044555664,
      42.626747131347656,
      27.65964698791504,
      34.473899841308594,
      24.55584716796875,
      29.105186462402344,
      24.55933380126953,
      24.34758186340332,
      19.281280517578125
    ],
    [
      9.737116813659668,
      11.90612506866455,
      9.288437843322754,
      15.532217979431152,
      29.208454132080078,
      33.114200592041016,
      35.85693359375,
      30.713573455810547,
      34.016151428222656,
      26.60654067993164,
      31.968154907226562,
      26.80335235595703,
      27.201589584350586,
      24.648935317993164,
      22.74358367919922,
      24.59971809387207,
      22.792743682861328,
      18.94545555114746
    ],
    [
      11.151235580444336,
      13.271703720092773,
      11.240432739257812,
      17.79622459411621,
      42.88673782348633,
      35.85693359375,
      74.97237396240234,
      48.656158447265625,
      56.87735366821289,
      36.4753303527832,
      54.536251068115234,
      36.99994659423828,
      45.558799743652344,
      34.808021545410156,
      39.06450653076172,
      35.432865142822266,
      34.939666748046875,
      28.15989112854004
    ],
    [
      10.7366304397583,
      13.16301155090332,
      9.10964298248291,
      17.164060592651367,
      29.122089385986328,
      30.713573455810547,
      48.656158447265625,
      45.25471115112305,
      39.93952941894531,
      31.84889793395996,
      36.522369384765625,
      30.945301055908203,
      31.64307975769043,
      29.2080078125,
      26.6700439453125,
      29.35964584350586,
      27.084806442260742,
      22.78191375732422
    ],
    [
      10.849528312683105,
      12.478951454162598,
      12.545646667480469,
      17.728771209716797,
      42.894134521484375,
      34.016151428222656,
      56.87735366821289,
      39.93952941894531,
      72.10990142822266,
      40.33063507080078,
      62.28716278076172,
      39.86518859863281,
      51.941593170166016,
      37.00354766845703,
      45.431243896484375,
      36.79130554199219,
      37.58308410644531,
      28.693363189697266
    ],
    [
      9.69204330444336,
      11.822126388549805,
      8.950068473815918,
      15.685919761657715,
      25.999155044555664,
      26.60654067993164,
      36.4753303527832,
      31.84889793395996,
      40.33063507080078,
      34.085594177246094,
      35.50022888183594,
      30.06292724609375,
      30.562532424926758,
      27.881515502929688,
      26.25139045715332,
      27.192623138427734,
      25.993831634521484,
      21.443944931030273
    ],
    [
      10.886245727539062,
      11.778589248657227,
      15.169684410095215,
      16.390254974365234,
      42.626747131347656,
      31.968154907226562,
      54.536251068115234,
      36.522369384765625,
      62.28716278076172,
      35.50022888183594,
      68.32720947265625,
      39.64422607421875,
      58.93979263305664,
      39.40166091918945,
      54.0478630065918,
      42.19977569580078,
      45.47918701171875,
      35.93217849731445
    ],
    [
      10.49138355255127,
      11.158485412597656,
      10.553665161132812,
      15.707629203796387,
      27.65964698791504,
      26.80335235595703,
      36.99994659423828,
      30.945301055908203,
      39.86518859863281,
      30.06292724609375,
      39.64422607421875,
      34.11246109008789,
      35.48210525512695,
      31.743444442749023,
      32.40966033935547,
      32.72263717651367,
      31.480472564697266,
      27.405057907104492
    ],
    [
      13.371379852294922,
      12.284161567687988,
      18.24802589416504,
      15.269745826721191,
      34.473899841308594,
      27.201589584350586,
      45.558799743652344,
      31.64307975769043,
      51.941593170166016,
      30.562532424926758,
      58.93979263305664,
      35.48210525512695,
      73.79841613769531,
      47.12821578979492,
      69.67643737792969,
      56.99543380737305,
      65.79240417480469,
      56.35763168334961
    ],
    [
      12.693266868591309,
      11.538664817810059,
      13.480127334594727,
      15.537527084350586,
      24.55584716796875,
      24.648935317993164,
      34.808021545410156,
      29.2080078125,
      37.00354766845703,
      27.881515502929688,
      39.40166091918945,
      31.743444442749023,
      47.12821578979492,
      43.537906646728516,
      46.97858428955078,
      50.79019546508789,
      52.67250061035156,
      51.275875091552734
    ],
    [
      11.876951217651367,
      8.253348350524902,
      15.582972526550293,
      11.12601089477539,
      29.105186462402344,
      22.74358367919922,
      39.06450653076172,
      26.6700439453125,
      45.431243896484375,
      26.25139045715332,
      54.0478630065918,
      32.40966033935547,
      69.67643737792969,
      46.97858428955078,
      88.53945922851562,
      67.83086395263672,
      80.26953125,
      71.54885864257812
    ],
    [
      16.223024368286133,
      10.38460636138916,
      16.7110595703125,
      14.916943550109863,
      24.55933380126953,
      24.59971809387207,
      35.432865142822266,
      29.35964584350586,
      36.79130554199219,
      27.192623138427734,
      42.19977569580078,
      32.72263717651367,
      56.99543380737305,
      50.79019546508789,
      67.83086395263672,
      78.6206283569336,
      82.90413665771484,
      87.73685455322266
    ],
    [
      18.900907516479492,
      9.717717170715332,
      19.714067459106445,
      13.625483512878418,
      24.34758186340332,
      22.792743682861328,
      34.939666748046875,
      27.084806442260742,
      37.58308410644531,
      25.993831634521484,
      45.47918701171875,
      31.480472564697266,
      65.79240417480469,
      52.67250061035156,
      80.26953125,
      82.90413665771484,
      109.36029052734375,
      108.5778579711914
    ],
    [
      20.37822723388672,
      7.1359429359436035,
      19.55731964111328,
      12.189431190490723,
      19.281280517578125,
      18.94545555114746,
      28.15989112854004,
      22.78191375732422,
      28.693363189697266,
      21.443944931030273,
      35.93217849731445,
      27.405057907104492,
      56.35763168334961,
      51.275875091552734,
      71.54885864257812,
      87.73685455322266,
      108.5778579711914,
      124.85163879394531
    ]
  ],
  "drr": 13.195558547973633,
  "dynamics": 3.787888526916504,
  "format": 1245190,
  "frames": 10831872,
  "loudness": -15.556836128234863,
  "loudness_range": 9.65828800201416,
  "loudness_range_short": 13.417590141296387,
  "peak": -0.03579161688685417,
  "rms": -16.678373336791992,
  "sample_rate": 44100,
  "sections": 1,
  "seekable": 1,
  "sharpness": 3.1596076488494873,
  "space": -10.05528450012207
}