{
  "bands": [
    {
      "high_freq": 148.1999969482422,
      "loudness": -35.833194732666016,
      "loudness_range": 20.047740936279297,
      "mid_mean": -33.61649703979492,
      "mid_to_side_loudness": -5.898005962371826,
      "mid_to_side_loudness_range": 11.201908111572266,
      "side_mean": -38.809024810791016
    },
    {
      "high_freq": 392.3793640136719,
      "loudness": -19.493722915649414,
      "loudness_range": 13.283150672912598,
      "low_freq": 148.1999969482422,
      "mid_mean": -16.662357330322266,
      "mid_to_side_loudness": -7.296337127685547,
      "mid_to_side_loudness_range": 7.460402488708496,
      "side_mean": -23.731037139892578
    },
    {
      "high_freq": 794.6976318359375,
      "loudness": -20.694948196411133,
      "loudness_range": 13.24520492553711,
      "low_freq": 392.3793640136719,
      "mid_mean": -18.15015411376953,
      "mid_to_side_loudness": -6.223343372344971,
      "mid_to_side_loudness_range": 10.948888778686523,
      "side_mean": -24.62559700012207
    },
    {
      "high_freq": 1457.5709228515625,
      "loudness": -25.611005783081055,
      "loudness_range": 13.990663528442383,
      "low_freq": 794.6976318359375,
      "mid_mean": -22.860918045043945,
      "mid_to_side_loudness": -6.470699310302734,
      "mid_to_side_loudness_range": 6.4408111572265625,
      "side_mean": -29.424968719482422
    },
    {
      "high_freq": 2549.74365234375,
      "loudness": -28.52806854248047,
      "loudness_range": 12.370233535766602,
      "low_freq": 1457.5709228515625,
      "mid_mean": -26.481285095214844,
      "mid_to_side_loudness": -4.336933135986328,
      "mid_to_side_loudness_range": 12.206851959228516,
      "side_mean": -30.855562210083008
    },
    {
      "high_freq": 4349.24462890625,
      "loudness": -39.678524017333984,
      "loudness_range": 15.157163619995117,
      "low_freq": 2549.74365234375,
      "mid_mean": -37.162681579589844,
      "mid_to_side_loudness": -5.551416873931885,
      "mid_to_side_loudness_range": 7.525556564331055,
      "side_mean": -42.7790641784668
    },
    {
      "high_freq": 7314.1640625,
      "loudness": -56.891387939453125,
      "loudness_range": 19.049137115478516,
      "low_freq": 4349.24462890625,
      "mid_mean": -54.294837951660156,
      "mid_to_side_loudness": -4.6822428703308105,
      "mid_to_side_loudness_range": 4.237802505493164,
      "side_mean": -58.53702163696289
    },
    {
      "high_freq": 12199.2666015625,
      "loudness": -64.9979019165039,
      "loudness_range": 4.7599639892578125,
      "low_freq": 7314.1640625,
      "mid_mean": -62.055213928222656,
      "mid_to_side_loudness": -3.6831626892089844,
      "mid_to_side_loudness_range": 2.037846326828003,
      "side_mean": -64.84491729736328
    },
    {
      "loudness": -63.485252380371094,
      "loudness_range": 1.6450004577636719,
      "low_freq": 12199.2666015625,
      "mid_mean": -60.880123138427734,
      "mid_to_side_loudness": -3.337906837463379,
      "mid_to_side_loudness_range": 1.1210658550262451,
      "side_mean": -63.63670349121094
    }
  ],
  "bands_short": [
    {
      "high_freq": 148.1999969482422,
      "loudness": -42.54193878173828,
      "loudness_range": 24.32615089416504,
      "mid_mean": -39.608436584472656,
      "mid_to_side_loudness": -9.412793159484863,
      "mid_to_side_loudness_range": 15.738237380981445,
      "side_mean": -49.01716995239258
    },
    {
      "high_freq": 392.3793640136719,
      "loudness": -21.3098087310791,
      "loudness_range": 17.126991271972656,
      "low_freq": 148.1999969482422,
      "mid_mean": -18.730682373046875,
      "mid_to_side_loudness": -6.866253852844238,
      "mid_to_side_loudness_range": 10.025604248046875,
      "side_mean": -25.249589920043945
    },
    {
      "high_freq": 794.6976318359375,
      "loudness": -21.301273345947266,
      "loudness_range": 17.374103546142578,
      "low_freq": 392.3793640136719,
      "mid_mean": -18.91571617126465,
      "mid_to_side_loudness": -5.750687599182129,
      "mid_to_side_loudness_range": 11.281567573547363,
      "side_mean": -24.8845272064209
    },
    {
      "high_freq": 1457.5709228515625,
      "loudness": -26.86880874633789,
      "loudness_range": 18.598222732543945,
      "low_freq": 794.6976318359375,
      "mid_mean": -24.206762313842773,
      "mid_to_side_loudness": -6.4355292320251465,
      "mid_to_side_loudness_range": 8.415157318115234,
      "side_mean": -30.660863876342773
    },
    {
      "high_freq": 2549.74365234375,
      "loudness": -30.552446365356445,
      "loudness_range": 18.725845336914062,
      "low_freq": 1457.5709228515625,
      "mid_mean": -28.559253692626953,
      "mid_to_side_loudness": -4.4803314208984375,
      "mid_to_side_loudness_range": 12.874035835266113,
      "side_mean": -33.02058029174805
    },
    {
      "high_freq": 4349.24462890625,
      "loudness": -41.47806167602539,
      "loudness_range": 21.797883987426758,
      "low_freq": 2549.74365234375,
      "mid_mean": -39.16147994995117,
      "mid_to_side_loudness": -5.465598106384277,
      "mid_to_side_loudness_range": 10.38402271270752,
      "side_mean": -44.736900329589844
    },
    {
      "high_freq": 7314.1640625,
      "loudness": -59.019859313964844,
      "loudness_range": 23.599620819091797,
      "low_freq": 4349.24462890625,
      "mid_mean": -56.390777587890625,
      "mid_to_side_loudness": -4.198366165161133,
      "mid_to_side_loudness_range": 6.817378044128418,
      "side_mean": -59.93232345581055
    },
    {
      "high_freq": 12199.2666015625,
      "loudness": -65.39112091064453,
      "loudness_range": 5.999729156494141,
      "low_freq": 7314.1640625,
      "mid_mean": -62.386802673339844,
      "mid_to_side_loudness": -3.6326656341552734,
      "mid_to_side_loudness_range": 2.6966984272003174,
      "side_mean": -65.07992553710938
    },
    {
      "loudness": -63.50868606567383,
      "loudness_range": 2.137218475341797,
      "low_freq": 12199.2666015625,
      "mid_mean": -60.90945053100586,
      "mid_to_side_loudness": -3.3224599361419678,
      "mid_to_side_loudness_range": 1.6059229373931885,
      "side_mean": -63.6473388671875
    }
  ],
  "channels": 2,
  "covariance": [
    [
      55.75666046142578,
      41.47072982788086,
      11.864106178283691,
      10.850878715515137,
      9.657947540283203,
      11.892292022705078,
      4.162415027618408,
      4.8997087478637695,
      7.201667785644531,
      10.493261337280273,
      6.289548873901367,
      4.705904483795166,
      13.556526184082031,
      11.395301818847656,
      1.0296204090118408,
      -0.07903061807155609,
      -0.0597725585103035,
      -0.6333388090133667
    ],
    [
      41.47072982788086,
      51.742156982421875,
      10.861927032470703,
      10.91321849822998,
      4.3230180740356445,
      7.439144611358643,
      1.6995415687561035,
      2.5119946002960205,
      7.504889488220215,
      8.732775688171387,
      8.5706787109375,
      5.786871433258057,
      9.822765350341797,
      9.462321281433105,
      0.24248425662517548,
      -0.37425512075424194,
      0.07495344430208206,
      -0.3896087408065796
    ],
    [
      11.864106178283691,
      10.861927032470703,
      26.225685119628906,
      16.7409610748291,
      11.560123443603516,
      7.4184184074401855,
      10.988759994506836,
      11.11650562286377,
      13.730517387390137,
      14.318551063537598,
      11.044148445129395,
      12.609972953796387,
      15.818137168884277,
      12.982344627380371,
      2.055480480194092,
      0.9297832250595093,
      0.6253901720046997,
      -0.17651082575321198
    ],
    [
      10.850878715515137,
      10.91321849822998,
      16.7409610748291,
      16.571086883544922,
      7.5938591957092285,
      5.284245491027832,
      6.350674152374268,
      7.528477191925049,
      8.902844429016113,
      11.297260284423828,
      8.832624435424805,
      10.890984535217285,
      10.747035026550293,
      9.02767276763916,
      1.265516996383667,
      0.4750026762485504,
      0.4981682300567627,
      -0.02897682599723339
    ],
    [
      9.657947540283203,
      4.3230180740356445,
      11.560123443603516,
      7.5938591957092285,
      25.33254051208496,
      19.899372100830078,
      15.803662300109863,
      15.746060371398926,
      17.33378028869629,
      17.71295166015625,
      17.46858787536621,
      18.210338592529297,
      19.20340919494629,
      17.442642211914062,
      4.663497447967529,
      2.9983601570129395,
      0.947053074836731,
      0.008266153745353222
    ],
    [
      11.892292022705078,
      7.439144611358643,
      7.4184184074401855,
      5.284245491027832,
      19.899372100830078,
      31.810590744018555,
      16.83714485168457,
      16.75092315673828,
      17.232179641723633,
      11.842548370361328,
      16.54703712463379,
      16.2109432220459,
      17.818748474121094,
      16.694881439208984,
      4.727055549621582,
      2.9117565155029297,
      1.0282998085021973,
      0.14020799100399017
    ],
    [
      4.162415027618408,
      1.6995415687561035,
      10.988759994506836,
      6.350674152374268,
      15.803662300109863,
      16.83714485168457,
      26.75128173828125,
      21.500654220581055,
      17.864322662353516,
      12.367246627807617,
      16.761503219604492,
      16.18043327331543,
      16.397998809814453,
      14.070944786071777,
      4.876702308654785,
      3.3220953941345215,
      1.285875678062439,
      0.3049410283565521
    ],
    [
      4.8997087478637695,
      2.5119946002960205,
      11.11650562286377,
      7.528477191925049,
      15.746060371398926,
      16.75092315673828,
      21.500654220581055,
      21.756319046020508,
      16.226709365844727,
      12.049028396606445,
      15.59641170501709,
      16.60487174987793,
      15.457229614257812,
      13.37922191619873,
      4.588648319244385,
      3.104041337966919,
      1.2046709060668945,
      0.31433314085006714
    ],
    [
      7.201667785644531,
      7.504889488220215,
      13.730517387390137,
      8.902844429016113,
      17.33378028869629,
      17.232179641723633,
      17.864322662353516,
      16.226709365844727,
      23.306800842285156,
      19.48842430114746,
      20.67283821105957,
      20.39270782470703,
      19.793350219726562,
      18.375816345214844,
      5.058866500854492,
      3.316610097885132,
      1.249853491783142,
      0.2410801202058792
    ],
    [
      10.493261337280273,
      8.732775688171387,
      14.318551063537598,
      11.297260284423828,
      17.71295166015625,
      11.842548370361328,
      12.367246627807617,
      12.049028396606445,
      19.48842430114746,
      28.343721389770508,
      22.50533103942871,
      23.638628005981445,
      21.490060806274414,
      20.449295043945312,
      4.422481536865234,
      2.8044371604919434,
      1.0111769437789917,
      0.1574656367301941
    ],
    [
      6.289548873901367,
      8.5706787109375,
      11.044148445129395,
      8.832624435424805,
      17.46858787536621,
      16.54703712463379,
      16.761503219604492,
      15.59641170501709,
      20.67283821105957,
      22.50533103942871,
      30.617361068725586,
      29.535470962524414,
      25.99713897705078,
      25.084224700927734,
      7.099462032318115,
      5.077662467956543,
      1.4078574180603027,
      0.28442105650901794
    ],
    [
      4.705904483795166,
      5.786871433258057,
      12.609972953796387,
      10.890984535217285,
      18.210338592529297,
      16.2109432220459,
      16.18043327331543,
      16.60487174987793,
      20.39270782470703,
      23.638628005981445,
      29.535470962524414,
      35.72175216674805,
      27.23567008972168,
      25.5454158782959,
      7.024311542510986,
      4.950584888458252,
      1.4710335731506348,
      0.32434096932411194
    ],
    [
      13.556526184082031,
      9.822765350341797,
      15.818137168884277,
      10.747035026550293,
      19.20340919494629,
      17.818748474121094,
      16.397998809814453,
      15.457229614257812,
      19.793350219726562,
      21.490060806274414,
      25.99713897705078,
      27.23567008972168,
      40.37360382080078,
      36.02997589111328,
      10.328237533569336,
      7.257667541503906,
      2.4033100605010986,
      0.6338098645210266
    ],
    [
      11.395301818847656,
      9.462321281433105,
      12.982344627380371,
      9.02767276763916,
      17.442642211914062,
      16.694881439208984,
      14.070944786071777,
      13.37922191619873,
      18.375816345214844,
      20.449295043945312,
      25.084224700927734,
      25.5454158782959,
      36.02997589111328,
      34.1594352722168,
      9.198904037475586,
      6.550374984741211,
      2.017359733581543,
      0.49539750814437866
    ],
    [
      1.0296204090118408,
      0.24248425662517548,
      2.055480480194092,
      1.265516996383667,
      4.663497447967529,
      4.727055549621582,
      4.876702308654785,
      4.588648319244385,
      5.058866500854492,
      4.422481536865234,
      7.099462032318115,
      7.024311542510986,
      10.328237533569336,
      9.198904037475586,
      7.471672058105469,
      5.932231426239014,
      1.674524188041687,
      0.8820715546607971
    ],
    [
      -0.07903061807155609,
      -0.37425512075424194,
      0.9297832250595093,
      0.4750026762485504,
      2.9983601570129395,
      2.9117565155029297,
      3.3220953941345215,
      3.104041337966919,
      3.316610097885132,
      2.8044371604919434,
      5.077662467956543,
      4.950584888458252,
      7.257667541503906,
      6.550374984741211,
      5.932231426239014,
      5.027979373931885,
      1.2844316959381104,
      0.7284120321273804
    ],
    [
      -0.0597725585103035,
      0.07495344430208206,
      0.6253901720046997,
      0.4981682300567627,
      0.947053074836731,
      1.0282998085021973,
      1.285875678062439,
      1.2046709060668945,
      1.249853491783142,
      1.0111769437789917,
      1.4078574180603027,
      1.4710335731506348,
      2.4033100605010986,
      2.017359733581543,
      1.674524188041687,
      1.2844316959381104,
      0.8722598552703857,
      0.6118363738059998
    ],
    [
      -0.6333388090133667,
      -0.3896087408065796,
      -0.17651082575321198,
      -0.02897682599723339,
      0.008266153745353222,
      0.14020799100399017,
      0.3049410283565521,
      0.31433314085006714,
      0.2410801202058792,
      0.1574656367301941,
      0.28442105650901794,
      0.32434096932411194,
      0.6338098645210266,
      0.49539750814437866,
      0.8820715546607971,
      0.7284120321273804,
      0.6118363738059998,
      0.5299099087715149
    ]
  ],
  "covariance_short": [
    [
      77.08049774169922,
      52.28467559814453,
      23.96025276184082,
      21.061077117919922,
      17.429960250854492,
      14.36050796508789,
      16.188602447509766,
      14.26027774810791,
      17.4359188079834,
      18.406587600708008,
      13.238369941711426,
      13.124813079833984,
      18.617586135864258,
      15.95330810546875,
      2.903214454650879,
      1.3282253742218018,
      0.5114873647689819,
      -0.43129879236221313
    ],
    [
      52.28467559814453,
      57.494964599609375,
      24.858583450317383,
      19.608448028564453,
      17.77097511291504,
      16.405900955200195,
      16.22079849243164,
      14.977482795715332,
      19.502761840820312,
      18.395294189453125,
      15.052414894104004,
      14.11507511138916,
      21.648151397705078,
      18.205570220947266,
      3.3622162342071533,
      1.9105298519134521,
      0.8296205401420593,
      -0.28247976303100586
    ],
    [
      23.96025276184082,
      24.858583450317383,
      43.93724060058594,
      27.262332916259766,
      28.24048614501953,
      20.893482208251953,
      26.70101547241211,
      25.24654769897461,
      29.036088943481445,
      25.377046585083008,
      22.24578094482422,
      24.238759994506836,
      26.683286666870117,
      24.309059143066406,
      4.411365509033203,
      2.555243730545044,
      1.3574868440628052,
      -0.06101493909955025
    ],
    [
      21.061077117919922,
      19.608448028564453,
      27.262332916259766,
      29.478260040283203,
      19.225221633911133,
      16.956600189208984,
      19.762041091918945,
      19.06449317932129,
      21.168052673339844,
      21.73181915283203,
      19.0250244140625,
      21.70687484741211,
      18.214691162109375,
      17.045072555541992,
      2.5207009315490723,
      1.479129433631897,
      0.9535996913909912,
      0.09148578345775604
    ],
    [
      17.429960250854492,
      17.77097511291504,
      28.24048614501953,
      19.225221633911133,
      43.49622344970703,
      33.474632263183594,
      30.485401153564453,
      29.67363739013672,
      33.75639724731445,
      36.070369720458984,
      33.00864028930664,
      35.11384201049805,
      33.05944061279297,
      30.65364646911621,
      6.413141250610352,
      4.112053394317627,
      1.6780489683151245,
      0.20201900601387024
    ],
    [
      14.36050796508789,
      16.405900955200195,
      20.893482208251953,
      16.956600189208984,
      33.474632263183594,
      44.382957458496094,
      28.035659790039062,
      27.69436264038086,
      29.874380111694336,
      30.179231643676758,
      32.51987075805664,
      33.12791061401367,
      29.558828353881836,
      27.354164123535156,
      5.384462833404541,
      3.318288564682007,
      1.3956289291381836,
      0.2282666563987732
    ],
    [
      16.188602447509766,
      16.22079849243164,
      26.70101547241211,
      19.762041091918945,
      30.485401153564453,
      28.035659790039062,
      45.84377670288086,
      36.47126770019531,
      35.739601135253906,
      29.760475158691406,
      35.967491149902344,
      36.6585807800293,
      31.00647735595703,
      30.157079696655273,
      6.95529317855835,
      4.789220333099365,
      2.1210062503814697,
      0.5519567131996155
    ],
    [
      14.26027774810791,
      14.977482795715332,
      25.24654769897461,
      19.06449317932129,
      29.67363739013672,
      27.69436264038086,
      36.47126770019531,
      37.79075622558594,
      32.46445846557617,
      28.037193298339844,
      32.44882583618164,
      33.961814880371094,
      28.082237243652344,
      26.811595916748047,
      6.022372722625732,
      4.1590895652771,
      1.7853600978851318,
      0.43402576446533203
    ],
    [
      17.4359188079834,
      19.502761840820312,
      29.036088943481445,
      21.168052673339844,
      33.75639724731445,
      29.874380111694336,
      35.739601135253906,
      32.46445846557617,
      46.13916778564453,
      39.37309265136719,
      39.59731674194336,
      39.90867233276367,
      36.48722839355469,
      34.6688232421875,
      7.610748767852783,
      4.938081741333008,
      2.2391719818115234,
      0.5155367255210876
    ],
    [
      18.406587600708008,
      18.395294189453125,
      25.377046585083008,
      21.73181915283203,
      36.070369720458984,
      30.179231643676758,
      29.760475158691406,
      28.037193298339844,
      39.37309265136719,
      49.942256927490234,
      41.30599594116211,
      43.29106521606445,
      36.67060852050781,
      35.569061279296875,
      7.071639060974121,
      4.73373556137085,
      2.057952642440796,
      0.5826472043991089
    ],
    [
      13.238369941711426,
      15.052414894104004,
      22.24578094482422,
      19.0250244140625,
      33.00864028930664,
      32.51987075805664,
      35.967491149902344,
      32.44882583618164,
      39.59731674194336,
      41.30599594116211,
      56.47686767578125,
      51.382354736328125,
      42.77925491333008,
      41.16533279418945,
      9.445502281188965,
      6.676416397094727,
      2.4153218269348145,
      0.6284013986587524
    ],
    [
      13.124813079833984,
      14.11507511138916,
      24.238759994506836,
      21.70687484741211,
      35.11384201049805,
      33.12791061401367,
      36.6585807800293,
      33.961814880371094,
      39.90867233276367,
      43.29106521606445,
      51.382354736328125,
      61.04658126831055,
      43.17184066772461,
      42.03971481323242,
      9.235762596130371,
      6.65395975112915,
      2.4757332801818848,
      0.6862949132919312
    ],
    [
      18.617586135864258,
      21.648151397705078,
      26.683286666870117,
      18.214691162109375,
      33.05944061279297,
      29.558828353881836,
      31.00647735595703,
      28.082237243652344,
      36.48722839355469,
      36.67060852050781,
      42.77925491333008,
      43.17184066772461,
      52.03026580810547,
      46.4128303527832,
      11.898273468017578,
      8.139042854309082,
      3.3351688385009766,
      1.0078232288360596
    ],
    [
      15.95330810546875,
      18.205570220947266,
      24.309059143066406,
      17.045072555541992,
      30.65364646911621,
      27.354164123535156,
      30.157079696655273,
      26.811595916748047,
      34.6688232421875,
      35.569061279296875,
      41.16533279418945,
      42.03971481323242,
      46.4128303527832,
      46.040122985839844,
      10.741724967956543,
      7.679640769958496,
      2.9572532176971436,
      0.885107696056366
    ],
    [
      2.903214454650879,
      3.3622162342071533,
      4.411365509033203,
      2.5207009315490723,
      6.413141250610352,
      5.384462833404541,
      6.95529317855835,
      6.022372722625732,
      7.610748767852783,
      7.071639060974121,
      9.445502281188965,
      9.235762596130371,
      11.898273468017578,
      10.741724967956543,
      6.542194366455078,
      4.991770267486572,
      1.7061470746994019,
      0.953835129737854
    ],
    [
      1.3282253742218018,
      1.9105298519134521,
      2.555243730545044,
      1.479129433631897,
      4.112053394317627,
      3.318288564682007,
      4.789220333099365,
      4.1590895652771,
      4.938081741333008,
      4.73373556137085,
      6.676416397094727,
      6.65395975112915,
      8.139042854309082,
      7.679640769958496,
      4.991770267486572,
      4.46623420715332,
      1.2619315385818481,
      0.8060129880905151
    ],
    [
      0.5114873647689819,
      0.8296205401420593,
      1.3574868440628052,
      0.9535996913909912,
      1.6780489683151245,
      1.3956289291381836,
      2.1210062503814697,
      1.7853600978851318,
      2.2391719818115234,
      2.057952642440796,
      2.4153218269348145,
      2.4757332801818848,
      3.3351688385009766,
      2.9572532176971436,
      1.7061470746994019,
      1.2619315385818481,
      1.0695066452026367,
      0.7124983072280884
    ],
    [
      -0.43129879236221313,
      -0.28247976303100586,
      -0.06101493909955025,
      0.09148578345775604,
      0.20201900601387024,
      0.2282666563987732,
      0.5519567131996155,
      0.43402576446533203,
      0.5155367255210876,
      0.5826472043991089,
      0.6284013986587524,
      0.6862949132919312,
      1.0078232288360596,
      0.885107696056366,
      0.953835129737854,
      0.8060129880905151,
      0.7124983072280884,
      0.6586003303527832
    ]
  ],
  "drr": 9.094307899475098,
  "dynamics": 3.7890658378601074,
  "format": 1245190,
  "frames": 5816256,
  "loudness": -11.689505577087402,
  "loudness_range": 8.47214126586914,
  "loudness_range_short": 15.29061222076416,
  "peak": 0.17522776126861572,
  "rms": -13.612699508666992,
  "sample_rate": 44100,
  "sections": 1,
  "seekable": 1,
  "sharpness": 4.62725830078125,
  "space": -6.230954647064209
}