{
  "bands": [
    {
      "high_freq": 148.1999969482422,
      "loudness": -22.224647521972656,
      "loudness_range": 8.192604064941406,
      "mid_mean": -18.70645523071289,
      "mid_to_side_loudness": -14.662562370300293,
      "mid_to_side_loudness_range": 9.893244743347168,
      "side_mean": -33.68516159057617
    },
    {
      "high_freq": 392.3793640136719,
      "loudness": -20.567760467529297,
      "loudness_range": 7.304039001464844,
      "low_freq": 148.1999969482422,
      "mid_mean": -17.479598999023438,
      "mid_to_side_loudness": -8.817740440368652,
      "mid_to_side_loudness_range": 8.062719345092773,
      "side_mean": -26.368881225585938
    },
    {
      "high_freq": 794.6976318359375,
      "loudness": -24.092466354370117,
      "loudness_range": 14.41547966003418,
      "low_freq": 392.3793640136719,
      "mid_mean": -21.170719146728516,
      "mid_to_side_loudness": -7.839918613433838,
      "mid_to_side_loudness_range": 10.299872398376465,
      "side_mean": -29.15525245666504
    },
    {
      "high_freq": 1457.5709228515625,
      "loudness": -27.20353889465332,
      "loudness_range": 14.282646179199219,
      "low_freq": 794.6976318359375,
      "mid_mean": -24.696380615234375,
      "mid_to_side_loudness": -5.71554708480835,
      "mid_to_side_loudness_range": 8.393479347229004,
      "side_mean": -30.411405563354492
    },
    {
      "high_freq": 2549.74365234375,
      "loudness": -25.22988510131836,
      "loudness_range": 11.86541748046875,
      "low_freq": 1457.5709228515625,
      "mid_mean": -22.393064498901367,
      "mid_to_side_loudness": -7.411900520324707,
      "mid_to_side_loudness_range": 8.781038284301758,
      "side_mean": -29.807668685913086
    },
    {
      "high_freq": 4349.24462890625,
      "loudness": -26.98284149169922,
      "loudness_range": 11.663908004760742,
      "low_freq": 2549.74365234375,
      "mid_mean": -24.219736099243164,
      "mid_to_side_loudness": -7.001374244689941,
      "mid_to_side_loudness_range": 8.950117111206055,
      "side_mean": -31.222949981689453
    },
    {
      "high_freq": 7314.1640625,
      "loudness": -29.871562957763672,
      "loudness_range": 13.903316497802734,
      "low_freq": 4349.24462890625,
      "mid_mean": -27.33208656311035,
      "mid_to_side_loudness": -5.626953601837158,
      "mid_to_side_loudness_range": 6.992238998413086,
      "side_mean": -32.96085739135742
    },
    {
      "high_freq": 12199.2666015625,
      "loudness": -31.80641746520996,
      "loudness_range": 12.900291442871094,
      "low_freq": 7314.1640625,
      "mid_mean": -29.94988250732422,
      "mid_to_side_loudness": -3.225165843963623,
      "mid_to_side_loudness_range": 6.232232093811035,
      "side_mean": -33.18492126464844
    },
    {
      "loudness": -36.17324447631836,
      "loudness_range": 10.209440231323242,
      "low_freq": 12199.2666015625,
      "mid_mean": -35.4066162109375,
      "mid_to_side_loudness": -0.2828305959701538,
      "mid_to_side_loudness_range": 3.0853397846221924,
      "side_mean": -35.69112014770508
    }
  ],
  "bands_short": [
    {
      "high_freq": 148.1999969482422,
      "loudness": -27.377826690673828,
      "loudness_range": 15.153785705566406,
      "mid_mean": -23.936561584472656,
      "mid_to_side_loudness": -14.659113883972168,
      "mid_to_side_loudness_range": 15.508607864379883,
      "side_mean": -38.92721176147461
    },
    {
      "high_freq": 392.3793640136719,
      "loudness": -19.705692291259766,
      "loudness_range": 9.550348281860352,
      "low_freq": 148.1999969482422,
      "mid_mean": -16.580909729003906,
      "mid_to_side_loudness": -9.773225784301758,
      "mid_to_side_loudness_range": 10.910072326660156,
      "side_mean": -26.445167541503906
    },
    {
      "high_freq": 794.6976318359375,
      "loudness": -25.075519561767578,
      "loudness_range": 16.11945343017578,
      "low_freq": 392.3793640136719,
      "mid_mean": -22.293245315551758,
      "mid_to_side_loudness": -7.6225481033325195,
      "mid_to_side_loudness_range": 13.319833755493164,
      "side_mean": -30.128013610839844
    },
    {
      "high_freq": 1457.5709228515625,
      "loudness": -27.20407485961914,
      "loudness_range": 15.75967788696289,
      "low_freq": 794.6976318359375,
      "mid_mean": -24.969966888427734,
      "mid_to_side_loudness": -5.08758020401001,
      "mid_to_side_loudness_range": 11.093565940856934,
      "side_mean": -30.057964324951172
    },
    {
      "high_freq": 2549.74365234375,
      "loudness": -26.320573806762695,
      "loudness_range": 14.982242584228516,
      "low_freq": 1457.5709228515625,
      "mid_mean": -23.695249557495117,
      "mid_to_side_loudness": -6.839538097381592,
      "mid_to_side_loudness_range": 11.731955528259277,
      "side_mean": -30.537118911743164
    },
    {
      "high_freq": 4349.24462890625,
      "loudness": -27.603132247924805,
      "loudness_range": 14.166515350341797,
      "low_freq": 2549.74365234375,
      "mid_mean": -25.00652503967285,
      "mid_to_side_loudness": -6.53169584274292,
      "mid_to_side_loudness_range": 10.814374923706055,
      "side_mean": -31.539735794067383
    },
    {
      "high_freq": 7314.1640625,
      "loudness": -30.76030158996582,
      "loudness_range": 15.633691787719727,
      "low_freq": 4349.24462890625,
      "mid_mean": -28.405981063842773,
      "mid_to_side_loudness": -5.118138790130615,
      "mid_to_side_loudness_range": 8.400496482849121,
      "side_mean": -33.5248908996582
    },
    {
      "high_freq": 12199.2666015625,
      "loudness": -33.51448440551758,
      "loudness_range": 16.93405532836914,
      "low_freq": 7314.1640625,
      "mid_mean": -31.764802932739258,
      "mid_to_side_loudness": -3.0821828842163086,
      "mid_to_side_loudness_range": 7.445032119750977,
      "side_mean": -34.84942626953125
    },
    {
      "loudness": -38.870975494384766,
      "loudness_range": 18.945655822753906,
      "low_freq": 12199.2666015625,
      "mid_mean": -38.16408920288086,
      "mid_to_side_loudness": -0.2889441251754761,
      "mid_to_side_loudness_range": 4.176661491394043,
      "side_mean": -38.45277786254883
    }
  ],
  "channels": 2,
  "covariance": [
    [
      11.238173484802246,
      6.615212917327881,
      3.6419427394866943,
      4.849428653717041,
      2.202889919281006,
      2.909609317779541,
      2.7365856170654297,
      2.0632548332214355,
      0.9237065315246582,
      -0.15315788984298706,
      1.7293633222579956,
      0.5849393010139465,
      2.5978751182556152,
      1.904175043106079,
      1.860982894897461,
      1.9683303833007812,
      1.4710216522216797,
      1.546484112739563
    ],
    [
      6.615212917327881,
      14.34720230102539,
      3.0849268436431885,
      5.408563613891602,
      4.630679130554199,
      7.315398693084717,
      4.345803260803223,
      3.6765244007110596,
      3.077707529067993,
      1.376548171043396,
      3.565208911895752,
      1.6396251916885376,
      5.091466903686523,
      4.098370552062988,
      2.9244179725646973,
      2.8433589935302734,
      1.8097021579742432,
      2.0118300914764404
    ],
    [
      3.6419427394866943,
      3.0849268436431885,
      8.725496292114258,
      9.24827766418457,
      2.9493765830993652,
      3.8440232276916504,
      2.223851203918457,
      1.8198145627975464,
      1.579383134841919,
      0.24936871230602264,
      2.2993946075439453,
      0.4843846261501312,
      2.447023391723633,
      1.5564242601394653,
      1.8238447904586792,
      1.2575438022613525,
      1.195486068725586,
      1.020776391029358
    ],
    [
      4.849428653717041,
      5.408563613891602,
      9.24827766418457,
      18.711767196655273,
      3.9886977672576904,
      7.824344635009766,
      4.447503089904785,
      5.400976657867432,
      2.2595531940460205,
      1.7759439945220947,
      2.8761582374572754,
      1.7789300680160522,
      2.774545192718506,
      2.499311685562134,
      1.9870668649673462,
      1.3243178129196167,
      0.15560224652290344,
      -0.11921722441911697
    ],
    [
      2.202889919281006,
      4.630679130554199,
      2.9493765830993652,
      3.9886977672576904,
      34.123207092285156,
      26.139673233032227,
      19.406917572021484,
      13.380428314208984,
      17.531925201416016,
      6.831685543060303,
      18.579776763916016,
      7.726386547088623,
      19.12198829650879,
      12.94590950012207,
      16.180973052978516,
      10.89781665802002,
      9.437155723571777,
      8.053797721862793
    ],
    [
      2.909609317779541,
      7.315398693084717,
      3.8440232276916504,
      7.824344635009766,
      26.139673233032227,
      32.184715270996094,
      17.80632209777832,
      15.620879173278809,
      14.041592597961426,
      8.102636337280273,
      14.804131507873535,
      8.808444023132324,
      16.146697998046875,
      12.613102912902832,
      12.901955604553223,
      9.776225090026855,
      7.291040420532227,
      6.389033317565918
    ],
    [
      2.7365856170654297,
      4.345803260803223,
      2.223851203918457,
      4.447503089904785,
      19.406917572021484,
      17.80632209777832,
      23.839521408081055,
      16.421655654907227,
      14.211546897888184,
      7.775839805603027,
      13.4097900390625,
      7.778960704803467,
      13.722123146057129,
      9.965871810913086,
      10.957560539245605,
      7.961667060852051,
      5.792800426483154,
      5.281398296356201
    ],
    [
      2.0632548332214355,
      3.6765244007110596,
      1.8198145627975464,
      5.400976657867432,
      13.380428314208984,
      15.620879173278809,
      16.421655654907227,
      18.535219192504883,
      11.35743236541748,
      9.032838821411133,
      10.363653182983398,
      8.303736686706543,
      10.44178295135498,
      9.096070289611816,
      8.352533340454102,
      6.838597297668457,
      3.7365026473999023,
      3.4975638389587402
    ],
    [
      0.9237065315246582,
      3.077707529067993,
      1.579383134841919,
      2.2595531940460205,
      17.531925201416016,
      14.041592597961426,
      14.211546897888184,
      11.35743236541748,
      19.841541290283203,
      10.101666450500488,
      17.21927261352539,
      9.013616561889648,
      15.466986656188965,
      10.990189552307129,
      11.464544296264648,
      7.881256580352783,
      5.5770416259765625,
      5.030100345611572
    ],
    [
      -0.15315788984298706,
      1.376548171043396,
      0.24936871230602264,
      1.7759439945220947,
      6.831685543060303,
      8.102636337280273,
      7.775839805603027,
      9.032838821411133,
      10.101666450500488,
      10.120343208312988,
      8.28989028930664,
      7.616840839385986,
      6.8100690841674805,
      6.500737190246582,
      5.003702640533447,
      4.408797264099121,
      2.3160743713378906,
      2.7029500007629395
    ],
    [
      1.7293633222579956,
      3.565208911895752,
      2.2993946075439453,
      2.8761582374572754,
      18.579776763916016,
      14.804131507873535,
      13.4097900390625,
      10.363653182983398,
      17.21927261352539,
      8.28989028930664,
      20.047876358032227,
      9.705565452575684,
      17.179513931274414,
      12.434442520141602,
      12.513421058654785,
      8.754339218139648,
      6.273621559143066,
      5.512925148010254
    ],
    [
      0.5849393010139465,
      1.6396251916885376,
      0.4843846261501312,
      1.7789300680160522,
      7.726386547088623,
      8.808444023132324,
      7.778960704803467,
      8.303736686706543,
      9.013616561889648,
      7.616840839385986,
      9.705565452575684,
      9.010824203491211,
      8.252998352050781,
      8.228456497192383,
      6.321193218231201,
      5.74062442779541,
      3.02730131149292,
      3.0558242797851562
    ],
    [
      2.5978751182556152,
      5.091466903686523,
      2.447023391723633,
      2.774545192718506,
      19.12198829650879,
      16.146697998046875,
      13.722123146057129,
      10.44178295135498,
      15.466986656188965,
      6.8100690841674805,
      17.179513931274414,
      8.252998352050781,
      24.064273834228516,
      16.199317932128906,
      19.36135482788086,
      12.659478187561035,
      10.833242416381836,
      8.244477272033691
    ],
    [
      1.904175043106079,
      4.098370552062988,
      1.5564242601394653,
      2.499311685562134,
      12.94590950012207,
      12.613102912902832,
      9.965871810913086,
      9.096070289611816,
      10.990189552307129,
      6.500737190246582,
      12.434442520141602,
      8.228456497192383,
      16.199317932128906,
      14.650959014892578,
      13.221026420593262,
      10.631241798400879,
      7.126777648925781,
      6.043288707733154
    ],
    [
      1.860982894897461,
      2.9244179725646973,
      1.8238447904586792,
      1.9870668649673462,
      16.180973052978516,
      12.901955604553223,
      10.957560539245605,
      8.352533340454102,
      11.464544296264648,
      5.003702640533447,
      12.513421058654785,
      6.321193218231201,
      19.36135482788086,
      13.221026420593262,
      23.193965911865234,
      14.555548667907715,
      15.35523509979248,
      11.167740821838379
    ],
    [
      1.9683303833007812,
      2.8433589935302734,
      1.2575438022613525,
      1.3243178129196167,
      10.89781665802002,
      9.776225090026855,
      7.961667060852051,
      6.838597297668457,
      7.881256580352783,
      4.408797264099121,
      8.754339218139648,
      5.74062442779541,
      12.659478187561035,
      10.631241798400879,
      14.555548667907715,
      13.40660285949707,
      12.348122596740723,
      11.29916000366211
    ],
    [
      1.4710216522216797,
      1.8097021579742432,
      1.195486068725586,
      0.15560224652290344,
      9.437155723571777,
      7.291040420532227,
      5.792800426483154,
      3.7365026473999023,
      5.5770416259765625,
      2.3160743713378906,
      6.273621559143066,
      3.02730131149292,
      10.833242416381836,
      7.126777648925781,
      15.35523509979248,
      12.348122596740723,
      16.621919631958008,
      14.389912605285645
    ],
    [
      1.546484112739563,
      2.0118300914764404,
      1.020776391029358,
      -0.11921722441911697,
      8.053797721862793,
      6.389033317565918,
      5.281398296356201,
      3.4975638389587402,
      5.030100345611572,
      2.7029500007629395,
      5.512925148010254,
      3.0558242797851562,
      8.244477272033691,
      6.043288707733154,
      11.167740821838379,
      11.29916000366211,
      14.389912605285645,
      14.66125202178955
    ]
  ],
  "covariance_short": [
    [
      30.157609939575195,
      13.76526165008545,
      8.935811042785645,
      7.208574295043945,
      2.82551908493042,
      4.749267578125,
      4.25282621383667,
      2.8830618858337402,
      2.900092840194702,
      0.6367133259773254,
      4.669655799865723,
      2.5177478790283203,
      7.088871002197266,
      6.309110164642334,
      7.144086837768555,
      7.69491720199585,
      6.944401264190674,
      6.963524341583252
    ],
    [
      13.76526165008545,
      28.98729133605957,
      6.119933605194092,
      9.559126853942871,
      5.029801368713379,
      8.894566535949707,
      5.881617069244385,
      5.264048099517822,
      4.453776836395264,
      2.551090955734253,
      5.228758811950684,
      3.293133020401001,
      8.300341606140137,
      7.202561378479004,
      7.909653663635254,
      7.42802095413208,
      6.053500175476074,
      5.819704532623291
    ],
    [
      8.935811042785645,
      6.119933605194092,
      13.9038724899292,
      9.349260330200195,
      3.515779972076416,
      3.594862699508667,
      3.824266195297241,
      2.5091211795806885,
      2.4589850902557373,
      0.34340575337409973,
      2.8895459175109863,
      0.9014869332313538,
      2.0816073417663574,
      1.5261069536209106,
      1.1503067016601562,
      1.5386595726013184,
      0.79498690366745,
      1.4555714130401611
    ],
    [
      7.208574295043945,
      9.559126853942871,
      9.349260330200195,
      20.829280853271484,
      4.3806633949279785,
      7.6723246574401855,
      5.632774829864502,
      5.90697717666626,
      2.5502092838287354,
      2.184204339981079,
      2.696575880050659,
      1.9913405179977417,
      2.450575351715088,
      2.4759504795074463,
      2.260237455368042,
      1.7490626573562622,
      0.3613552749156952,
      0.21114559471607208
    ],
    [
      2.82551908493042,
      5.029801368713379,
      3.515779972076416,
      4.3806633949279785,
      40.00425720214844,
      26.567977905273438,
      21.503482818603516,
      13.770084381103516,
      21.801095962524414,
      8.777811050415039,
      21.326889038085938,
      9.04759407043457,
      19.17583656311035,
      12.479083061218262,
      15.917804718017578,
      11.262858390808105,
      9.131744384765625,
      8.508783340454102
    ],
    [
      4.749267578125,
      8.894566535949707,
      3.594862699508667,
      7.6723246574401855,
      26.567977905273438,
      37.183326721191406,
      18.90691566467285,
      16.229707717895508,
      15.105669021606445,
      9.699992179870605,
      15.225003242492676,
      9.486053466796875,
      16.494300842285156,
      12.882096290588379,
      14.164729118347168,
      10.973221778869629,
      7.81818151473999,
      6.9337639808654785
    ],
    [
      4.25282621383667,
      5.881617069244385,
      3.824266195297241,
      5.632774829864502,
      21.503482818603516,
      18.90691566467285,
      30.94129753112793,
      18.649511337280273,
      19.128856658935547,
      10.485812187194824,
      18.22014617919922,
      10.40982723236084,
      17.50339126586914,
      12.148408889770508,
      14.514001846313477,
      10.808011054992676,
      8.94530963897705,
      8.472823143005371
    ],
    [
      2.8830618858337402,
      5.264048099517822,
      2.5091211795806885,
      5.90697717666626,
      13.770084381103516,
      16.229707717895508,
      18.649511337280273,
      22.414796829223633,
      12.609551429748535,
      10.539321899414062,
      11.531119346618652,
      10.022444725036621,
      11.64894962310791,
      10.242659568786621,
      10.699041366577148,
      9.153970718383789,
      6.472908020019531,
      6.275108814239502
    ],
    [
      2.900092840194702,
      4.453776836395264,
      2.4589850902557373,
      2.5502092838287354,
      21.801095962524414,
      15.105669021606445,
      19.128856658935547,
      12.609551429748535,
      30.867734909057617,
      14.566078186035156,
      24.948925018310547,
      13.288982391357422,
      20.474031448364258,
      13.864065170288086,
      16.316511154174805,
      12.27955150604248,
      11.000578880310059,
      11.455896377563477
    ],
    [
      0.6367133259773254,
      2.551090955734253,
      0.34340575337409973,
      2.184204339981079,
      8.777811050415039,
      9.699992179870605,
      10.485812187194824,
      10.539321899414062,
      14.566078186035156,
      15.561223030090332,
      12.168946266174316,
      11.363642692565918,
      9.916958808898926,
      9.112915992736816,
      9.042559623718262,
      8.208388328552246,
      7.421297550201416,
      8.312373161315918
    ],
    [
      4.669655799865723,
      5.228758811950684,
      2.8895459175109863,
      2.696575880050659,
      21.326889038085938,
      15.225003242492676,
      18.22014617919922,
      11.531119346618652,
      24.948925018310547,
      12.168946266174316,
      29.305709838867188,
      14.51253604888916,
      23.38983726501465,
      15.850874900817871,
      18.932138442993164,
      14.061124801635742,
      12.574027061462402,
      12.302865028381348
    ],
    [
      2.5177478790283203,
      3.293133020401001,
      0.9014869332313538,
      1.9913405179977417,
      9.04759407043457,
      9.486053466796875,
      10.40982723236084,
      10.022444725036621,
      13.288982391357422,
      11.363642692565918,
      14.51253604888916,
      14.634404182434082,
      12.397446632385254,
      11.672167778015137,
      11.728424072265625,
      10.992462158203125,
      9.337998390197754,
      9.996177673339844
    ],
    [
      7.088871002197266,
      8.300341606140137,
      2.0816073417663574,
      2.450575351715088,
      19.17583656311035,
      16.494300842285156,
      17.50339126586914,
      11.64894962310791,
      20.474031448364258,
      9.916958808898926,
      23.38983726501465,
      12.397446632385254,
      34.36332702636719,
      22.339130401611328,
      30.578432083129883,
      21.838247299194336,
      21.490737915039062,
      17.75188636779785
    ],
    [
      6.309110164642334,
      7.202561378479004,
      1.5261069536209106,
      2.4759504795074463,
      12.479083061218262,
      12.882096290588379,
      12.148408889770508,
      10.242659568786621,
      13.864065170288086,
      9.112915992736816,
      15.850874900817871,
      11.672167778015137,
      22.339130401611328,
      20.438678741455078,
      21.253677368164062,
      19.05513572692871,
      15.93243408203125,
      14.937219619750977
    ],
    [
      7.144086837768555,
      7.909653663635254,
      1.1503067016601562,
      2.260237455368042,
      15.917804718017578,
      14.164729118347168,
      14.514001846313477,
      10.699041366577148,
      16.316511154174805,
      9.042559623718262,
      18.932138442993164,
      11.728424072265625,
      30.578432083129883,
      21.253677368164062,
      39.44282531738281,
      29.25909996032715,
      33.150421142578125,
      27.423036575317383
    ],
    [
      7.69491720199585,
      7.42802095413208,
      1.5386595726013184,
      1.7490626573562622,
      11.262858390808105,
      10.973221778869629,
      10.808011054992676,
      9.153970718383789,
      12.27955150604248,
      8.208388328552246,
      14.061124801635742,
      10.992462158203125,
      21.838247299194336,
      19.05513572692871,
      29.25909996032715,
      29.888954162597656,
      30.847570419311523,
      30.05856704711914
    ],
    [
      6.944401264190674,
      6.053500175476074,
      0.79498690366745,
      0.3613552749156952,
      9.131744384765625,
      7.81818151473999,
      8.94530963897705,
      6.472908020019531,
      11.000578880310059,
      7.421297550201416,
      12.574027061462402,
      9.337998390197754,
      21.490737915039062,
      15.93243408203125,
      33.150421142578125,
      30.847570419311523,
      44.055458068847656,
      40.79233932495117
    ],
    [
      6.963524341583252,
      5.819704532623291,
      1.4555714130401611,
      0.21114559471607208,
      8.508783340454102,
      6.9337639808654785,
      8.472823143005371,
      6.275108814239502,
      11.455896377563477,
      8.312373161315918,
      12.302865028381348,
      9.996177673339844,
      17.75188636779785,
      14.937219619750977,
      27.423036575317383,
      30.05856704711914,
      40.79233932495117,
      42.98824691772461
    ]
  ],
  "drr": 15.480133056640625,
  "dynamics": 2.410149335861206,
  "format": 1245190,
  "frames": 8935424,
  "loudness": -11.406834602355957,
  "loudness_range": 6.312745094299316,
  "loudness_range_short": 8.680374145507812,
  "peak": -0.01768464595079422,
  "rms": -13.912907600402832,
  "sample_rate": 44100,
  "sections": 1,
  "seekable": 1,
  "sharpness": 2.0963950157165527,
  "space": -8.209598541259766
}