{
  "bands": [
    {
      "high_freq": 148.1999969482422,
      "loudness": -16.000085830688477,
      "loudness_range": 7.253491401672363,
      "mid_mean": -12.367841720581055,
      "mid_to_side_loudness": -24.738739013671875,
      "mid_to_side_loudness_range": 22.83481216430664,
      "side_mean": -37.04649353027344
    },
    {
      "high_freq": 392.3793640136719,
      "loudness": -19.27423667907715,
      "loudness_range": 9.05466079711914,
      "low_freq": 148.1999969482422,
      "mid_mean": -16.23788070678711,
      "mid_to_side_loudness": -11.144451141357422,
      "mid_to_side_loudness_range": 20.3621768951416,
      "side_mean": -27.32310676574707
    },
    {
      "high_freq": 794.6976318359375,
      "loudness": -21.223840713500977,
      "loudness_range": 13.04513168334961,
      "low_freq": 392.3793640136719,
      "mid_mean": -18.14681625366211,
      "mid_to_side_loudness": -12.120564460754395,
      "mid_to_side_loudness_range": 22.20171356201172,
      "side_mean": -29.975830078125
    },
    {
      "high_freq": 1457.5709228515625,
      "loudness": -26.042701721191406,
      "loudness_range": 14.199789047241211,
      "low_freq": 794.6976318359375,
      "mid_mean": -22.96021270751953,
      "mid_to_side_loudness": -10.785629272460938,
      "mid_to_side_loudness_range": 17.619525909423828,
      "side_mean": -33.70791244506836
    },
    {
      "high_freq": 2549.74365234375,
      "loudness": -22.294294357299805,
      "loudness_range": 10.110071182250977,
      "low_freq": 1457.5709228515625,
      "mid_mean": -19.003164291381836,
      "mid_to_side_loudness": -14.075236320495605,
      "mid_to_side_loudness_range": 20.741910934448242,
      "side_mean": -33.124473571777344
    },
    {
      "high_freq": 4349.24462890625,
      "loudness": -18.501659393310547,
      "loudness_range": 9.857399940490723,
      "low_freq": 2549.74365234375,
      "mid_mean": -14.996602058410645,
      "mid_to_side_loudness": -21.418302536010742,
      "mid_to_side_loudness_range": 29.203277587890625,
      "side_mean": -36.71461868286133
    },
    {
      "high_freq": 7314.1640625,
      "loudness": -28.751388549804688,
      "loudness_range": 13.862194061279297,
      "low_freq": 4349.24462890625,
      "mid_mean": -25.383621215820312,
      "mid_to_side_loudness": -16.798921585083008,
      "mid_to_side_loudness_range": 26.752735137939453,
      "side_mean": -42.07527542114258
    },
    {
      "high_freq": 12199.2666015625,
      "loudness": -37.366275787353516,
      "loudness_range": 16.193933486938477,
      "low_freq": 7314.1640625,
      "mid_mean": -34.04038619995117,
      "mid_to_side_loudness": -12.836609840393066,
      "mid_to_side_loudness_range": 20.144426345825195,
      "side_mean": -50.985965728759766
    },
    {
      "loudness": -51.91709518432617,
      "loudness_range": 13.684795379638672,
      "low_freq": 12199.2666015625,
      "mid_mean": -48.62236785888672,
      "mid_to_side_loudness": -11.14105224609375,
      "mid_to_side_loudness_range": 16.667720794677734,
      "side_mean": -60.80523681640625
    }
  ],
  "bands_short": [
    {
      "high_freq": 148.1999969482422,
      "loudness": -16.955156326293945,
      "loudness_range": 10.907784461975098,
      "mid_mean": -13.281608581542969,
      "mid_to_side_loudness": -29.499618530273438,
      "mid_to_side_loudness_range": 25.790069580078125,
      "side_mean": -43.00691604614258
    },
    {
      "high_freq": 392.3793640136719,
      "loudness": -19.584383010864258,
      "loudness_range": 10.51503849029541,
      "low_freq": 148.1999969482422,
      "mid_mean": -16.6259765625,
      "mid_to_side_loudness": -10.946093559265137,
      "mid_to_side_loudness_range": 21.07181739807129,
      "side_mean": -27.53521156311035
    },
    {
      "high_freq": 794.6976318359375,
      "loudness": -22.208736419677734,
      "loudness_range": 17.657636642456055,
      "low_freq": 392.3793640136719,
      "mid_mean": -19.32440185546875,
      "mid_to_side_loudness": -10.661909103393555,
      "mid_to_side_loudness_range": 22.40962791442871,
      "side_mean": -30.045015335083008
    },
    {
      "high_freq": 1457.5709228515625,
      "loudness": -27.56108283996582,
      "loudness_range": 17.686227798461914,
      "low_freq": 794.6976318359375,
      "mid_mean": -24.61983871459961,
      "mid_to_side_loudness": -9.925054550170898,
      "mid_to_side_loudness_range": 18.579391479492188,
      "side_mean": -34.52107620239258
    },
    {
      "high_freq": 2549.74365234375,
      "loudness": -23.92136573791504,
      "loudness_range": 14.896068572998047,
      "low_freq": 1457.5709228515625,
      "mid_mean": -20.734567642211914,
      "mid_to_side_loudness": -12.851576805114746,
      "mid_to_side_loudness_range": 21.32438087463379,
      "side_mean": -33.66031265258789
    },
    {
      "high_freq": 4349.24462890625,
      "loudness": -19.551433563232422,
      "loudness_range": 13.699138641357422,
      "low_freq": 2549.74365234375,
      "mid_mean": -16.07982635498047,
      "mid_to_side_loudness": -20.268291473388672,
      "mid_to_side_loudness_range": 28.652372360229492,
      "side_mean": -37.058746337890625
    },
    {
      "high_freq": 7314.1640625,
      "loudness": -30.516347885131836,
      "loudness_range": 19.181814193725586,
      "low_freq": 4349.24462890625,
      "mid_mean": -27.218320846557617,
      "mid_to_side_loudness": -14.856021881103516,
      "mid_to_side_loudness_range": 25.548006057739258,
      "side_mean": -42.4462890625
    },
    {
      "high_freq": 12199.2666015625,
      "loudness": -39.1730842590332,
      "loudness_range": 20.239639282226562,
      "low_freq": 7314.1640625,
      "mid_mean": -35.96129608154297,
      "mid_to_side_loudness": -11.809248924255371,
      "mid_to_side_loudness_range": 20.57857322692871,
      "side_mean": -52.16933822631836
    },
    {
      "loudness": -53.5271110534668,
      "loudness_range": 17.683624267578125,
      "low_freq": 12199.2666015625,
      "mid_mean": -50.50369644165039,
      "mid_to_side_loudness": -10.079681396484375,
      "mid_to_side_loudness_range": 18.08784294128418,
      "side_mean": -61.63429260253906
    }
  ],
  "channels": 2,
  "covariance": [
    [
      8.736315727233887,
      -3.7190744876861572,
      -0.37971165776252747,
      -6.190971851348877,
      -1.4287418127059937,
      -5.789472579956055,
      -1.0184359550476074,
      -3.951890468597412,
      1.2137635946273804,
      -2.127211093902588,
      4.273071765899658,
      -4.429149150848389,
      1.143001675605774,
      -4.848907470703125,
      1.7022240161895752,
      -2.773977279663086,
      1.5253937244415283,
      -1.8886486291885376
    ],
    [
      -3.7190744876861572,
      46.3094596862793,
      5.793298244476318,
      31.432931900024414,
      5.4868035316467285,
      32.07160186767578,
      4.50656270980835,
      25.42709732055664,
      -2.2472894191741943,
      25.00245475769043,
      -10.922656059265137,
      28.35696029663086,
      1.8601442575454712,
      27.48525047302246,
      1.3642561435699463,
      34.190486907958984,
      -1.3364156484603882,
      18.797605514526367
    ],
    [
      -0.37971165776252747,
      5.793298244476318,
      11.394743919372559,
      10.588282585144043,
      7.225032806396484,
      5.519791603088379,
      4.9042205810546875,
      5.504827499389648,
      2.7124361991882324,
      6.564196586608887,
      0.9021292924880981,
      4.940334796905518,
      4.391270637512207,
      4.770735740661621,
      2.356135368347168,
      9.757719993591309,
      0.7975974082946777,
      5.136483192443848
    ],
    [
      -6.190971851348877,
      31.432931900024414,
      10.588282585144043,
      63.28524398803711,
      10.183744430541992,
      53.51555252075195,
      7.462967395782471,
      40.33749008178711,
      -2.863858461380005,
      39.848663330078125,
      -9.31258773803711,
      45.415496826171875,
      1.756758451461792,
      46.552162170410156,
      9.43478775024414,
      71.19463348388672,
      4.450376033782959,
      37.80382537841797
    ],
    [
      -1.4287418127059937,
      5.4868035316467285,
      7.225032806396484,
      10.183744430541992,
      24.304431915283203,
      14.298319816589355,
      15.134130477905273,
      11.206193923950195,
      7.312229156494141,
      9.668191909790039,
      1.9651271104812622,
      6.633604526519775,
      6.126633167266846,
      8.226415634155273,
      6.756059646606445,
      17.579208374023438,
      4.962864398956299,
      9.069801330566406
    ],
    [
      -5.789472579956055,
      32.07160186767578,
      5.519791603088379,
      53.51555252075195,
      14.298319816589355,
      69.14844512939453,
      9.664688110351562,
      46.21332931518555,
      -4.541597843170166,
      42.66413116455078,
      -11.8067045211792,
      50.459800720214844,
      -0.22236865758895874,
      53.60003662109375,
      13.402322769165039,
      79.60172271728516,
      7.200519561767578,
      42.34917449951172
    ],
    [
      -1.0184359550476074,
      4.50656270980835,
      4.9042205810546875,
      7.462967395782471,
      15.134130477905273,
      9.664688110351562,
      24.937713623046875,
      13.462635040283203,
      6.670905590057373,
      8.660852432250977,
      0.47920340299606323,
      6.857854843139648,
      4.339563846588135,
      6.289681434631348,
      2.5436816215515137,
      8.53358268737793,
      3.023092746734619,
      4.378601551055908
    ],
    [
      -3.951890468597412,
      25.42709732055664,
      5.504827499389648,
      40.33749008178711,
      11.206193923950195,
      46.21332931518555,
      13.462635040283203,
      44.09194564819336,
      -2.493673086166382,
      36.4390869140625,
      -9.217719078063965,
      39.332916259765625,
      1.3114203214645386,
      40.49666213989258,
      8.382681846618652,
      57.389183044433594,
      5.103349685668945,
      30.829673767089844
    ],
    [
      1.2137635946273804,
      -2.2472894191741943,
      2.7124361991882324,
      -2.863858461380005,
      7.312229156494141,
      -4.541597843170166,
      6.670905590057373,
      -2.493673086166382,
      13.242316246032715,
      0.5868447422981262,
      7.338217258453369,
      -1.8265724182128906,
      5.878857135772705,
      -4.1364898681640625,
      2.152177095413208,
      -4.469045639038086,
      2.956130266189575,
      -2.9200243949890137
    ],
    [
      -2.127211093902588,
      25.00245475769043,
      6.564196586608887,
      39.848663330078125,
      9.668191909790039,
      42.66413116455078,
      8.660852432250977,
      36.4390869140625,
      0.5868447422981262,
      41.67573165893555,
      -6.89066743850708,
      42.41481018066406,
      3.450655937194824,
      43.81890869140625,
      10.826022148132324,
      62.138187408447266,
      6.641542434692383,
      33.72715759277344
    ],
    [
      4.273071765899658,
      -10.922656059265137,
      0.9021292924880981,
      -9.31258773803711,
      1.9651271104812622,
      -11.8067045211792,
      0.47920340299606323,
      -9.217719078063965,
      7.338217258453369,
      -6.89066743850708,
      15.4054536819458,
      -8.676703453063965,
      6.3876752853393555,
      -8.773180961608887,
      4.675784587860107,
      -6.795292377471924,
      4.384881019592285,
      -4.286123752593994
    ],
    [
      -4.429149150848389,
      28.35696029663086,
      4.940334796905518,
      45.415496826171875,
      6.633604526519775,
      50.459800720214844,
      6.857854843139648,
      39.332916259765625,
      -1.8265724182128906,
      42.41481018066406,
      -8.676703453063965,
      62.157737731933594,
      4.368351459503174,
      64.67223358154297,
      12.41060733795166,
      76.32797241210938,
      6.898970603942871,
      42.48509979248047
    ],
    [
      1.143001675605774,
      1.8601442575454712,
      4.391270637512207,
      1.756758451461792,
      6.126633167266846,
      -0.22236865758895874,
      4.339563846588135,
      1.3114203214645386,
      5.878857135772705,
      3.450655937194824,
      6.3876752853393555,
      4.368351459503174,
      21.180368423461914,
      8.990205764770508,
      13.387991905212402,
      6.789496898651123,
      6.075967311859131,
      4.371719837188721
    ],
    [
      -4.848907470703125,
      27.48525047302246,
      4.770735740661621,
      46.552162170410156,
      8.226415634155273,
      53.60003662109375,
      6.289681434631348,
      40.49666213989258,
      -4.1364898681640625,
      43.81890869140625,
      -8.773180961608887,
      64.67223358154297,
      8.990205764770508,
      90.6879653930664,
      23.76573944091797,
      96.78872680664062,
      15.095879554748535,
      55.61565017700195
    ],
    [
      1.7022240161895752,
      1.3642561435699463,
      2.356135368347168,
      9.43478775024414,
      6.756059646606445,
      13.402322769165039,
      2.5436816215515137,
      8.382681846618652,
      2.152177095413208,
      10.826022148132324,
      4.675784587860107,
      12.41060733795166,
      13.387991905212402,
      23.76573944091797,
      34.803585052490234,
      44.97263717651367,
      23.574975967407227,
      25.87318992614746
    ],
    [
      -2.773977279663086,
      34.190486907958984,
      9.757719993591309,
      71.19463348388672,
      17.579208374023438,
      79.60172271728516,
      8.53358268737793,
      57.389183044433594,
      -4.469045639038086,
      62.138187408447266,
      -6.795292377471924,
      76.32797241210938,
      6.789496898651123,
      96.78872680664062,
      44.97263717651367,
      159.6653594970703,
      31.797842025756836,
      86.9625473022461
    ],
    [
      1.5253937244415283,
      -1.3364156484603882,
      0.7975974082946777,
      4.450376033782959,
      4.962864398956299,
      7.200519561767578,
      3.023092746734619,
      5.103349685668945,
      2.956130266189575,
      6.641542434692383,
      4.384881019592285,
      6.898970603942871,
      6.075967311859131,
      15.095879554748535,
      23.574975967407227,
      31.797842025756836,
      21.208419799804688,
      19.232643127441406
    ],
    [
      -1.8886486291885376,
      18.797605514526367,
      5.136483192443848,
      37.80382537841797,
      9.069801330566406,
      42.34917449951172,
      4.378601551055908,
      30.829673767089844,
      -2.9200243949890137,
      33.72715759277344,
      -4.286123752593994,
      42.48509979248047,
      4.371719837188721,
      55.61565017700195,
      25.87318992614746,
      86.9625473022461,
      19.232643127441406,
      50.76752853393555
    ]
  ],
  "covariance_short": [
    [
      17.301708221435547,
      -3.3109724521636963,
      0.42400485277175903,
      -7.977243900299072,
      -2.3018972873687744,
      -7.518582344055176,
      -1.7316503524780273,
      -5.7666335105896,
      1.7655836343765259,
      -2.565521240234375,
      6.019259452819824,
      -5.360204219818115,
      2.8434319496154785,
      -6.141531944274902,
      2.7135000228881836,
      -3.2147161960601807,
      1.9761967658996582,
      -2.1809558868408203
    ],
    [
      -3.3109724521636963,
      47.58112335205078,
      5.048800468444824,
      26.814788818359375,
      7.408614158630371,
      24.041994094848633,
      7.489137649536133,
      22.248249053955078,
      2.2358665466308594,
      21.862842559814453,
      -5.584543228149414,
      25.662349700927734,
      4.904308795928955,
      25.814682006835938,
      -0.10652472823858261,
      27.673986434936523,
      1.139876365661621,
      14.814074516296387
    ],
    [
      0.42400485277175903,
      5.048800468444824,
      15.032652854919434,
      9.637146949768066,
      7.742612838745117,
      5.911590099334717,
      5.406874656677246,
      5.793635845184326,
      3.9299569129943848,
      6.022810935974121,
      0.8482639789581299,
      4.987427711486816,
      3.2192957401275635,
      3.787259817123413,
      1.668838620185852,
      8.808326721191406,
      1.819791555404663,
      4.322207450866699
    ],
    [
      -7.977243900299072,
      26.814788818359375,
      9.637146949768066,
      62.98939514160156,
      12.447237014770508,
      51.118202209472656,
      11.131746292114258,
      40.088096618652344,
      -0.41586264967918396,
      37.217987060546875,
      -10.13457202911377,
      40.2740478515625,
      2.146150588989258,
      36.02970504760742,
      5.807758808135986,
      60.46813201904297,
      4.101973533630371,
      31.11041831970215
    ],
    [
      -2.3018972873687744,
      7.408614158630371,
      7.742612838745117,
      12.447237014770508,
      42.023319244384766,
      21.20513153076172,
      24.124094009399414,
      17.015762329101562,
      16.737157821655273,
      14.318800926208496,
      6.500209331512451,
      14.470335960388184,
      8.49328899383545,
      12.802756309509277,
      8.46546459197998,
      21.343496322631836,
      11.355062484741211,
      10.69621753692627
    ],
    [
      -7.518582344055176,
      24.041994094848633,
      5.911590099334717,
      51.118202209472656,
      21.20513153076172,
      73.84537506103516,
      16.00069236755371,
      49.796024322509766,
      0.5188058614730835,
      43.80461502075195,
      -10.839456558227539,
      49.22637939453125,
      2.251403570175171,
      45.98869323730469,
      10.588422775268555,
      72.46041107177734,
      8.15280818939209,
      37.676780700683594
    ],
    [
      -1.7316503524780273,
      7.489137649536133,
      5.406874656677246,
      11.131746292114258,
      24.124094009399414,
      16.00069236755371,
      36.947959899902344,
      20.392297744750977,
      16.05054473876953,
      14.067987442016602,
      4.860887050628662,
      14.478754043579102,
      9.544591903686523,
      12.39693832397461,
      7.472255229949951,
      15.341842651367188,
      10.380756378173828,
      7.510949611663818
    ],
    [
      -5.7666335105896,
      22.248249053955078,
      5.793635845184326,
      40.088096618652344,
      17.015762329101562,
      49.796024322509766,
      20.392297744750977,
      53.831668853759766,
      2.6281964778900146,
      39.983367919921875,
      -7.493609428405762,
      41.29098892211914,
      4.7525410652160645,
      38.9672737121582,
      8.101860046386719,
      57.238197326660156,
      7.7561259269714355,
      29.94159507751465
    ],
    [
      1.7655836343765259,
      2.2358665466308594,
      3.9299569129943848,
      -0.41586264967918396,
      16.737157821655273,
      0.5188058614730835,
      16.05054473876953,
      2.6281964778900146,
      27.496105194091797,
      6.852371692657471,
      16.043228149414062,
      5.589089393615723,
      14.60055160522461,
      2.604933977127075,
      10.400197982788086,
      2.336432456970215,
      12.58489990234375,
      0.07326200604438782
    ],
    [
      -2.565521240234375,
      21.862842559814453,
      6.022810935974121,
      37.217987060546875,
      14.318800926208496,
      43.80461502075195,
      14.067987442016602,
      39.983367919921875,
      6.852371692657471,
      47.6379280090332,
      -4.06666374206543,
      43.059547424316406,
      7.425917625427246,
      41.0419807434082,
      11.127372741699219,
      60.192081451416016,
      9.731189727783203,
      31.675384521484375
    ],
    [
      6.019259452819824,
      -5.584543228149414,
      0.8482639789581299,
      -10.13457202911377,
      6.500209331512451,
      -10.839456558227539,
      4.860887050628662,
      -7.493609428405762,
      16.043228149414062,
      -4.06666374206543,
      29.712228775024414,
      -5.0610857009887695,
      17.872371673583984,
      -4.640916347503662,
      13.426262855529785,
      -3.425211191177368,
      11.472783088684082,
      -2.5868494510650635
    ],
    [
      -5.360204219818115,
      25.662349700927734,
      4.987427711486816,
      40.2740478515625,
      14.470335960388184,
      49.22637939453125,
      14.478754043579102,
      41.29098892211914,
      5.589089393615723,
      43.059547424316406,
      -5.0610857009887695,
      63.50728225708008,
      9.907974243164062,
      60.5783805847168,
      12.66816520690918,
      71.49652099609375,
      10.9315767288208,
      38.79159164428711
    ],
    [
      2.8434319496154785,
      4.904308795928955,
      3.2192957401275635,
      2.146150588989258,
      8.49328899383545,
      2.251403570175171,
      9.544591903686523,
      4.7525410652160645,
      14.60055160522461,
      7.425917625427246,
      17.872371673583984,
      9.907974243164062,
      38.83317184448242,
      17.426485061645508,
      27.66918182373047,
      13.8357572555542,
      17.883377075195312,
      7.605858325958252
    ],
    [
      -6.141531944274902,
      25.814682006835938,
      3.787259817123413,
      36.02970504760742,
      12.802756309509277,
      45.98869323730469,
      12.39693832397461,
      38.9672737121582,
      2.604933977127075,
      41.0419807434082,
      -4.640916347503662,
      60.5783805847168,
      17.426485061645508,
      89.48418426513672,
      24.921110153198242,
      86.75764465332031,
      19.927297592163086,
      49.915077209472656
    ],
    [
      2.7135000228881836,
      -0.10652472823858261,
      1.668838620185852,
      5.807758808135986,
      8.46546459197998,
      10.588422775268555,
      7.472255229949951,
      8.101860046386719,
      10.400197982788086,
      11.127372741699219,
      13.426262855529785,
      12.66816520690918,
      27.66918182373047,
      24.921110153198242,
      53.00601577758789,
      47.259342193603516,
      39.1081428527832,
      26.861614227294922
    ],
    [
      -3.2147161960601807,
      27.673986434936523,
      8.808326721191406,
      60.46813201904297,
      21.343496322631836,
      72.46041107177734,
      15.341842651367188,
      57.238197326660156,
      2.336432456970215,
      60.192081451416016,
      -3.425211191177368,
      71.49652099609375,
      13.8357572555542,
      86.75764465332031,
      47.259342193603516,
      155.03207397460938,
      40.14887237548828,
      83.69125366210938
    ],
    [
      1.9761967658996582,
      1.139876365661621,
      1.819791555404663,
      4.101973533630371,
      11.355062484741211,
      8.15280818939209,
      10.380756378173828,
      7.7561259269714355,
      12.58489990234375,
      9.731189727783203,
      11.472783088684082,
      10.9315767288208,
      17.883377075195312,
      19.927297592163086,
      39.1081428527832,
      40.14887237548828,
      42.6778564453125,
      23.823715209960938
    ],
    [
      -2.1809558868408203,
      14.814074516296387,
      4.322207450866699,
      31.11041831970215,
      10.69621753692627,
      37.676780700683594,
      7.510949611663818,
      29.94159507751465,
      0.07326200604438782,
      31.675384521484375,
      -2.5868494510650635,
      38.79159164428711,
      7.605858325958252,
      49.915077209472656,
      26.861614227294922,
      83.69125366210938,
      23.823715209960938,
      51.010948181152344
    ]
  ],
  "drr": 16.330326080322266,
  "dynamics": 1.6851669549942017,
  "format": 1245190,
  "frames": 15775744,
  "loudness": -7.585362911224365,
  "loudness_range": 3.440279960632324,
  "loudness_range_short": 5.641246318817139,
  "peak": 0.3381521701812744,
  "rms": -9.062928199768066,
  "sample_rate": 44100,
  "sections": 1,
  "seekable": 1,
  "sharpness": 1.877823829650879,
  "space": -15.282228469848633
}