{
  "bands": [
    {
      "high_freq": 148.1999969482422,
      "loudness": -20.5584659576416,
      "loudness_range": 6.020114898681641,
      "mid_mean": -17.335247039794922,
      "mid_to_side_loudness": -11.858088493347168,
      "mid_to_side_loudness_range": 14.394437789916992,
      "side_mean": -29.257490158081055
    },
    {
      "high_freq": 392.3793640136719,
      "loudness": -19.605283737182617,
      "loudness_range": 4.64036750793457,
      "low_freq": 148.1999969482422,
      "mid_mean": -18.10009765625,
      "mid_to_side_loudness": -2.507608652114868,
      "mid_to_side_loudness_range": 6.783358573913574,
      "side_mean": -20.30898666381836
    },
    {
      "high_freq": 794.6976318359375,
      "loudness": -21.457658767700195,
      "loudness_range": 7.253700256347656,
      "low_freq": 392.3793640136719,
      "mid_mean": -21.817596435546875,
      "mid_to_side_loudness": 1.513443112373352,
      "mid_to_side_loudness_range": 7.708210468292236,
      "side_mean": -20.292766571044922
    },
    {
      "high_freq": 1457.5709228515625,
      "loudness": -22.531208038330078,
      "loudness_range": 9.582054138183594,
      "low_freq": 794.6976318359375,
      "mid_mean": -21.782094955444336,
      "mid_to_side_loudness": -0.5046424269676208,
      "mid_to_side_loudness_range": 7.395615577697754,
      "side_mean": -22.311559677124023
    },
    {
      "high_freq": 2549.74365234375,
      "loudness": -21.26401138305664,
      "loudness_range": 10.995218276977539,
      "low_freq": 1457.5709228515625,
      "mid_mean": -19.96619987487793,
      "mid_to_side_loudness": -1.445102572441101,
      "mid_to_side_loudness_range": 5.1637983322143555,
      "side_mean": -21.569257736206055
    },
    {
      "high_freq": 4349.24462890625,
      "loudness": -23.663022994995117,
      "loudness_range": 10.059671401977539,
      "low_freq": 2549.74365234375,
      "mid_mean": -22.610004425048828,
      "mid_to_side_loudness": -0.9055383205413818,
      "mid_to_side_loudness_range": 4.36820650100708,
      "side_mean": -23.657516479492188
    },
    {
      "high_freq": 7314.1640625,
      "loudness": -24.65875816345215,
      "loudness_range": 7.324289321899414,
      "low_freq": 4349.24462890625,
      "mid_mean": -23.088167190551758,
      "mid_to_side_loudness": -2.3642406463623047,
      "mid_to_side_loudness_range": 6.3551788330078125,
      "side_mean": -25.5843505859375
    },
    {
      "high_freq": 12199.2666015625,
      "loudness": -25.494647979736328,
      "loudness_range": 5.246784210205078,
      "low_freq": 7314.1640625,
      "mid_mean": -23.859567642211914,
      "mid_to_side_loudness": -2.51745867729187,
      "mid_to_side_loudness_range": 5.84140157699585,
      "side_mean": -26.45726203918457
    },
    {
      "loudness": -32.46891403198242,
      "loudness_range": 5.214635848999023,
      "low_freq": 12199.2666015625,
      "mid_mean": -30.84282684326172,
      "mid_to_side_loudness": -2.467691659927368,
      "mid_to_side_loudness_range": 5.030265808105469,
      "side_mean": -33.406394958496094
    }
  ],
  "bands_short": [
    {
      "high_freq": 148.1999969482422,
      "loudness": -24.633975982666016,
      "loudness_range": 16.462013244628906,
      "mid_mean": -21.91390037536621,
      "mid_to_side_loudness": -11.195862770080566,
      "mid_to_side_loudness_range": 25.420135498046875,
      "side_mean": -33.3998908996582
    },
    {
      "high_freq": 392.3793640136719,
      "loudness": -19.39928436279297,
      "loudness_range": 9.993191719055176,
      "low_freq": 148.1999969482422,
      "mid_mean": -17.992889404296875,
      "mid_to_side_loudness": -2.984830141067505,
      "mid_to_side_loudness_range": 13.116615295410156,
      "side_mean": -20.765634536743164
    },
    {
      "high_freq": 794.6976318359375,
      "loudness": -22.049285888671875,
      "loudness_range": 9.571161270141602,
      "low_freq": 392.3793640136719,
      "mid_mean": -22.85624122619629,
      "mid_to_side_loudness": 1.904954195022583,
      "mid_to_side_loudness_range": 11.300344467163086,
      "side_mean": -20.916431427001953
    },
    {
      "high_freq": 1457.5709228515625,
      "loudness": -22.694761276245117,
      "loudness_range": 12.025983810424805,
      "low_freq": 794.6976318359375,
      "mid_mean": -22.137216567993164,
      "mid_to_side_loudness": -0.5012310147285461,
      "mid_to_side_loudness_range": 10.434710502624512,
      "side_mean": -22.699350357055664
    },
    {
      "high_freq": 2549.74365234375,
      "loudness": -22.220760345458984,
      "loudness_range": 13.229515075683594,
      "low_freq": 1457.5709228515625,
      "mid_mean": -21.12309455871582,
      "mid_to_side_loudness": -1.2929718494415283,
      "mid_to_side_loudness_range": 8.344520568847656,
      "side_mean": -22.594303131103516
    },
    {
      "high_freq": 4349.24462890625,
      "loudness": -24.07674789428711,
      "loudness_range": 13.094255447387695,
      "low_freq": 2549.74365234375,
      "mid_mean": -23.33418846130371,
      "mid_to_side_loudness": -0.5474945902824402,
      "mid_to_side_loudness_range": 7.037003993988037,
      "side_mean": -23.989206314086914
    },
    {
      "high_freq": 7314.1640625,
      "loudness": -25.668922424316406,
      "loudness_range": 12.794389724731445,
      "low_freq": 4349.24462890625,
      "mid_mean": -24.699739456176758,
      "mid_to_side_loudness": -1.321531891822815,
      "mid_to_side_loudness_range": 8.983114242553711,
      "side_mean": -26.064342498779297
    },
    {
      "high_freq": 12199.2666015625,
      "loudness": -27.045793533325195,
      "loudness_range": 13.925592422485352,
      "low_freq": 7314.1640625,
      "mid_mean": -26.23295783996582,
      "mid_to_side_loudness": -1.1634769439697266,
      "mid_to_side_loudness_range": 9.517656326293945,
      "side_mean": -27.327301025390625
    },
    {
      "loudness": -34.423797607421875,
      "loudness_range": 15.375225067138672,
      "low_freq": 12199.2666015625,
      "mid_mean": -33.42050552368164,
      "mid_to_side_loudness": -1.3590413331985474,
      "mid_to_side_loudness_range": 8.18590259552002,
      "side_mean": -34.749908447265625
    }
  ],
  "channels": 2,
  "covariance": [
    [
      16.35579490661621,
      3.083421468734741,
      6.953029632568359,
      4.8185906410217285,
      1.1295496225357056,
      3.302412509918213,
      4.106785774230957,
      5.378959655761719,
      3.9835879802703857,
      4.494020462036133,
      3.75917911529541,
      4.250670433044434,
      4.924667835235596,
      4.178171634674072,
      6.336022853851318,
      5.749027729034424,
      5.947674751281738,
      6.743766784667969
    ],
    [
      3.083421468734741,
      17.484853744506836,
      4.431193828582764,
      5.773950099945068,
      3.3037593364715576,
      3.4932289123535156,
      5.350194931030273,
      5.074191093444824,
      5.66082239151001,
      5.937076091766357,
      4.470820426940918,
      4.911044597625732,
      2.6161272525787354,
      3.6974754333496094,
      3.0337443351745605,
      4.409747123718262,
      2.88034725189209,
      4.427738666534424
    ],
    [
      6.953029632568359,
      4.431193828582764,
      9.843894958496094,
      5.4341301918029785,
      3.21895694732666,
      4.683269023895264,
      5.1548752784729,
      5.825573921203613,
      4.035617828369141,
      4.756521224975586,
      2.6915478706359863,
      3.175825357437134,
      2.889388084411621,
      2.7396929264068604,
      3.379638671875,
      3.6134538650512695,
      3.003352165222168,
      4.0837225914001465
    ],
    [
      4.8185906410217285,
      5.773950099945068,
      5.4341301918029785,
      10.847369194030762,
      4.368744850158691,
      6.136198043823242,
      6.059035778045654,
      6.5298261642456055,
      5.217010498046875,
      5.932929039001465,
      3.793651819229126,
      4.866316795349121,
      2.926070213317871,
      4.080025672912598,
      4.040337562561035,
      4.941263198852539,
      4.221735954284668,
      5.404292106628418
    ],
    [
      1.1295496225357056,
      3.3037593364715576,
      3.21895694732666,
      4.368744850158691,
      13.0965576171875,
      8.15398120880127,
      8.337983131408691,
      7.099374294281006,
      8.28331470489502,
      7.8139543533325195,
      5.7067155838012695,
      6.556401252746582,
      3.0654876232147217,
      4.664138317108154,
      2.8189988136291504,
      4.05347204208374,
      2.347755193710327,
      4.131685733795166
    ],
    [
      3.302412509918213,
      3.4932289123535156,
      4.683269023895264,
      6.136198043823242,
      8.15398120880127,
      11.199533462524414,
      7.669102668762207,
      8.367352485656738,
      6.762131690979004,
      7.324826240539551,
      3.833040952682495,
      5.524308681488037,
      2.3905935287475586,
      3.992806911468506,
      3.3066494464874268,
      4.329641342163086,
      3.451674699783325,
      4.905572891235352
    ],
    [
      4.106785774230957,
      5.350194931030273,
      5.1548752784729,
      6.059035778045654,
      8.337983131408691,
      7.669102668762207,
      19.59522819519043,
      14.324825286865234,
      15.245805740356445,
      13.80099105834961,
      11.312163352966309,
      12.067211151123047,
      6.98885440826416,
      9.187295913696289,
      6.708057880401611,
      8.45312786102295,
      6.782558917999268,
      8.892616271972656
    ],
    [
      5.378959655761719,
      5.074191093444824,
      5.825573921203613,
      6.5298261642456055,
      7.099374294281006,
      8.367352485656738,
      14.324825286865234,
      16.078092575073242,
      11.6255464553833,
      11.765056610107422,
      8.422993659973145,
      10.05661678314209,
      5.677189826965332,
      7.689669609069824,
      6.732537746429443,
      8.037510871887207,
      7.208359718322754,
      8.772446632385254
    ],
    [
      3.9835879802703857,
      5.66082239151001,
      4.035617828369141,
      5.217010498046875,
      8.28331470489502,
      6.762131690979004,
      15.245805740356445,
      11.6255464553833,
      23.04591941833496,
      18.3891544342041,
      15.762346267700195,
      15.41796875,
      9.815958976745605,
      12.107460021972656,
      8.59544849395752,
      10.626507759094238,
      8.003581047058105,
      10.2362642288208
    ],
    [
      4.494020462036133,
      5.937076091766357,
      4.756521224975586,
      5.932929039001465,
      7.8139543533325195,
      7.324826240539551,
      13.80099105834961,
      11.765056610107422,
      18.3891544342041,
      18.253826141357422,
      13.156148910522461,
      13.578563690185547,
      8.37972640991211,
      10.888838768005371,
      7.867997169494629,
      9.690655708312988,
      7.5812530517578125,
      9.473711013793945
    ],
    [
      3.75917911529541,
      4.470820426940918,
      2.6915478706359863,
      3.793651819229126,
      5.7067155838012695,
      3.833040952682495,
      11.312163352966309,
      8.422993659973145,
      15.762346267700195,
      13.156148910522461,
      19.399431228637695,
      17.06914520263672,
      11.677452087402344,
      13.378612518310547,
      9.310151100158691,
      10.988472938537598,
      7.8964738845825195,
      9.590068817138672
    ],
    [
      4.250670433044434,
      4.911044597625732,
      3.175825357437134,
      4.866316795349121,
      6.556401252746582,
      5.524308681488037,
      12.067211151123047,
      10.05661678314209,
      15.41796875,
      13.578563690185547,
      17.06914520263672,
      18.470897674560547,
      10.189112663269043,
      14.543902397155762,
      8.531282424926758,
      11.569656372070312,
      7.485032081604004,
      9.992347717285156
    ],
    [
      4.924667835235596,
      2.6161272525787354,
      2.889388084411621,
      2.926070213317871,
      3.0654876232147217,
      2.3905935287475586,
      6.98885440826416,
      5.677189826965332,
      9.815958976745605,
      8.37972640991211,
      11.677452087402344,
      10.189112663269043,
      13.547937393188477,
      12.028280258178711,
      11.155699729919434,
      10.946989059448242,
      8.898710250854492,
      9.395573616027832
    ],
    [
      4.178171634674072,
      3.6974754333496094,
      2.7396929264068604,
      4.080025672912598,
      4.664138317108154,
      3.992806911468506,
      9.187295913696289,
      7.689669609069824,
      12.107460021972656,
      10.888838768005371,
      13.378612518310547,
      14.543902397155762,
      12.028280258178711,
      17.88825225830078,
      9.81899356842041,
      13.549598693847656,
      8.042993545532227,
      10.938407897949219
    ],
    [
      6.336022853851318,
      3.0337443351745605,
      3.379638671875,
      4.040337562561035,
      2.8189988136291504,
      3.3066494464874268,
      6.708057880401611,
      6.732537746429443,
      8.59544849395752,
      7.867997169494629,
      9.310151100158691,
      8.531282424926758,
      11.155699729919434,
      9.81899356842041,
      13.074969291687012,
      11.50854206085205,
      11.599374771118164,
      11.20388412475586
    ],
    [
      5.749027729034424,
      4.409747123718262,
      3.6134538650512695,
      4.941263198852539,
      4.05347204208374,
      4.329641342163086,
      8.45312786102295,
      8.037510871887207,
      10.626507759094238,
      9.690655708312988,
      10.988472938537598,
      11.569656372070312,
      10.946989059448242,
      13.549598693847656,
      11.50854206085205,
      15.340757369995117,
      9.938989639282227,
      12.789962768554688
    ],
    [
      5.947674751281738,
      2.88034725189209,
      3.003352165222168,
      4.221735954284668,
      2.347755193710327,
      3.451674699783325,
      6.782558917999268,
      7.208359718322754,
      8.003581047058105,
      7.5812530517578125,
      7.8964738845825195,
      7.485032081604004,
      8.898710250854492,
      8.042993545532227,
      11.599374771118164,
      9.938989639282227,
      14.100034713745117,
      11.792877197265625
    ],
    [
      6.743766784667969,
      4.427738666534424,
      4.0837225914001465,
      5.404292106628418,
      4.131685733795166,
      4.905572891235352,
      8.892616271972656,
      8.772446632385254,
      10.2362642288208,
      9.473711013793945,
      9.590068817138672,
      9.992347717285156,
      9.395573616027832,
      10.938407897949219,
      11.20388412475586,
      12.789962768554688,
      11.792877197265625,
      14.769430160522461
    ]
  ],
  "covariance_short": [
    [
      46.98278045654297,
      3.0444438457489014,
      13.996987342834473,
      5.3004021644592285,
      0.4925922155380249,
      3.510438919067383,
      3.8934433460235596,
      5.688279628753662,
      4.741236209869385,
      5.264972686767578,
      5.28132963180542,
      5.449457168579102,
      6.2939229011535645,
      5.7695817947387695,
      5.259852886199951,
      6.0361127853393555,
      4.584368705749512,
      6.485806941986084
    ],
    [
      3.0444438457489014,
      33.181705474853516,
      3.6376590728759766,
      6.3817973136901855,
      3.464106798171997,
      3.539194345474243,
      4.8122639656066895,
      4.817933559417725,
      4.9522552490234375,
      5.155976295471191,
      4.127381324768066,
      4.43485164642334,
      2.923143148422241,
      3.863818407058716,
      3.1383025646209717,
      4.58919620513916,
      3.2675678730010986,
      4.072146415710449
    ],
    [
      13.996987342834473,
      3.6376590728759766,
      22.931190490722656,
      7.9342041015625,
      5.761363506317139,
      6.42653226852417,
      7.021864891052246,
      7.486297607421875,
      6.5177321434021,
      6.218624591827393,
      6.363717079162598,
      5.123015880584717,
      8.69163703918457,
      5.28066349029541,
      10.41115951538086,
      6.918277740478516,
      10.209901809692383,
      8.348714828491211
    ],
    [
      5.3004021644592285,
      6.3817973136901855,
      7.9342041015625,
      15.861288070678711,
      6.155040264129639,
      8.192182540893555,
      7.695027828216553,
      8.606159210205078,
      6.315401554107666,
      7.34429931640625,
      4.851418495178223,
      5.635977268218994,
      4.312288761138916,
      5.25989294052124,
      5.630624294281006,
      6.235674858093262,
      6.438788414001465,
      6.792863845825195
    ],
    [
      0.4925922155380249,
      3.464106798171997,
      5.761363506317139,
      6.155040264129639,
      21.326026916503906,
      10.89502239227295,
      11.236332893371582,
      10.096415519714355,
      10.97646713256836,
      10.1839599609375,
      9.059831619262695,
      8.588984489440918,
      7.304396629333496,
      6.898792266845703,
      7.6998701095581055,
      7.039500713348389,
      7.298645973205566,
      7.339974403381348
    ],
    [
      3.510438919067383,
      3.539194345474243,
      6.42653226852417,
      8.192182540893555,
      10.89502239227295,
      17.569913864135742,
      10.37631893157959,
      11.60934829711914,
      9.132155418395996,
      9.719234466552734,
      5.822485446929932,
      7.0420331954956055,
      4.305713176727295,
      5.436066150665283,
      5.491624355316162,
      6.017371654510498,
      6.168877124786377,
      6.6549224853515625
    ],
    [
      3.8934433460235596,
      4.8122639656066895,
      7.021864891052246,
      7.695027828216553,
      11.236332893371582,
      10.37631893157959,
      27.18065643310547,
      18.354299545288086,
      17.98325538635254,
      16.732664108276367,
      14.964563369750977,
      14.406270980834961,
      11.57392406463623,
      11.571249961853027,
      11.806612968444824,
      11.692968368530273,
      11.735795974731445,
      12.476165771484375
    ],
    [
      5.688279628753662,
      4.817933559417725,
      7.486297607421875,
      8.606159210205078,
      10.096415519714355,
      11.60934829711914,
      18.354299545288086,
      24.20807647705078,
      15.184531211853027,
      15.937082290649414,
      11.909651756286621,
      12.85861587524414,
      9.217146873474121,
      10.2861328125,
      10.197755813598633,
      10.540440559387207,
      10.484621047973633,
      11.346416473388672
    ],
    [
      4.741236209869385,
      4.9522552490234375,
      6.5177321434021,
      6.315401554107666,
      10.97646713256836,
      9.132155418395996,
      17.98325538635254,
      15.184531211853027,
      30.786006927490234,
      22.597850799560547,
      20.52993392944336,
      18.012386322021484,
      16.378307342529297,
      14.866170883178711,
      15.20865249633789,
      14.171971321105957,
      13.78977108001709,
      14.152839660644531
    ],
    [
      5.264972686767578,
      5.155976295471191,
      6.218624591827393,
      7.34429931640625,
      10.1839599609375,
      9.719234466552734,
      16.732664108276367,
      15.937082290649414,
      22.597850799560547,
      24.59856414794922,
      16.907747268676758,
      16.632394790649414,
      13.2654447555542,
      13.662836074829102,
      12.89305591583252,
      12.837112426757812,
      11.983845710754395,
      12.718249320983887
    ],
    [
      5.28132963180542,
      4.127381324768066,
      6.363717079162598,
      4.851418495178223,
      9.059831619262695,
      5.822485446929932,
      14.964563369750977,
      11.909651756286621,
      20.52993392944336,
      16.907747268676758,
      29.56997299194336,
      22.846498489379883,
      22.52025604248047,
      18.434349060058594,
      20.354154586791992,
      17.2763671875,
      17.40821647644043,
      16.322437286376953
    ],
    [
      5.449457168579102,
      4.43485164642334,
      5.123015880584717,
      5.635977268218994,
      8.588984489440918,
      7.0420331954956055,
      14.406270980834961,
      12.85861587524414,
      18.012386322021484,
      16.632394790649414,
      22.846498489379883,
      23.83978843688965,
      16.958049774169922,
      18.274112701416016,
      15.585824966430664,
      16.399274826049805,
      13.454668045043945,
      14.800084114074707
    ],
    [
      6.2939229011535645,
      2.923143148422241,
      8.69163703918457,
      4.312288761138916,
      7.304396629333496,
      4.305713176727295,
      11.57392406463623,
      9.217146873474121,
      16.378307342529297,
      13.2654447555542,
      22.52025604248047,
      16.958049774169922,
      30.83001136779785,
      21.158584594726562,
      28.75519371032715,
      20.583229064941406,
      25.3546085357666,
      20.496801376342773
    ],
    [
      5.7695817947387695,
      3.863818407058716,
      5.28066349029541,
      5.25989294052124,
      6.898792266845703,
      5.436066150665283,
      11.571249961853027,
      10.2861328125,
      14.866170883178711,
      13.662836074829102,
      18.434349060058594,
      18.274112701416016,
      21.158584594726562,
      24.095861434936523,
      19.413658142089844,
      20.578140258789062,
      16.81793212890625,
      18.107280731201172
    ],
    [
      5.259852886199951,
      3.1383025646209717,
      10.41115951538086,
      5.630624294281006,
      7.6998701095581055,
      5.491624355316162,
      11.806612968444824,
      10.197755813598633,
      15.20865249633789,
      12.89305591583252,
      20.354154586791992,
      15.585824966430664,
      28.75519371032715,
      19.413658142089844,
      35.662235260009766,
      23.49897003173828,
      32.74922180175781,
      24.912349700927734
    ],
    [
      6.0361127853393555,
      4.58919620513916,
      6.918277740478516,
      6.235674858093262,
      7.039500713348389,
      6.017371654510498,
      11.692968368530273,
      10.540440559387207,
      14.171971321105957,
      12.837112426757812,
      17.2763671875,
      16.399274826049805,
      20.583229064941406,
      20.578140258789062,
      23.49897003173828,
      25.267024993896484,
      21.066076278686523,
      22.41383171081543
    ],
    [
      4.584368705749512,
      3.2675678730010986,
      10.209901809692383,
      6.438788414001465,
      7.298645973205566,
      6.168877124786377,
      11.735795974731445,
      10.484621047973633,
      13.78977108001709,
      11.983845710754395,
      17.40821647644043,
      13.454668045043945,
      25.3546085357666,
      16.81793212890625,
      32.74922180175781,
      21.066076278686523,
      37.38785934448242,
      27.30214500427246
    ],
    [
      6.485806941986084,
      4.072146415710449,
      8.348714828491211,
      6.792863845825195,
      7.339974403381348,
      6.6549224853515625,
      12.476165771484375,
      11.346416473388672,
      14.152839660644531,
      12.718249320983887,
      16.322437286376953,
      14.800084114074707,
      20.496801376342773,
      18.107280731201172,
      24.912349700927734,
      22.41383171081543,
      27.30214500427246,
      28.397138595581055
    ]
  ],
  "drr": 12.008098602294922,
  "dynamics": 2.171132802963257,
  "format": 1245190,
  "frames": 11405312,
  "loudness": -9.195439338684082,
  "loudness_range": 3.944474697113037,
  "loudness_range_short": 7.364704608917236,
  "peak": 0.5664467811584473,
  "rms": -12.185855865478516,
  "sample_rate": 44100,
  "sections": 1,
  "seekable": 1,
  "sharpness": 2.2477095127105713,
  "space": -2.2005879878997803
}