{
  "bands": [
    {
      "high_freq": 148.1999969482422,
      "loudness": -31.30356788635254,
      "loudness_range": 17.142202377319336,
      "mid_mean": -28.46576690673828,
      "mid_to_side_loudness": -9.12761402130127,
      "mid_to_side_loudness_range": 16.46452522277832,
      "side_mean": -37.892616271972656
    },
    {
      "high_freq": 392.3793640136719,
      "loudness": -24.639732360839844,
      "loudness_range": 11.622695922851562,
      "low_freq": 148.1999969482422,
      "mid_mean": -21.642799377441406,
      "mid_to_side_loudness": -8.509336471557617,
      "mid_to_side_loudness_range": 12.67162799835205,
      "side_mean": -30.5561580657959
    },
    {
      "high_freq": 794.6976318359375,
      "loudness": -23.5714054107666,
      "loudness_range": 14.819114685058594,
      "low_freq": 392.3793640136719,
      "mid_mean": -21.160703659057617,
      "mid_to_side_loudness": -5.748258113861084,
      "mid_to_side_loudness_range": 12.392308235168457,
      "side_mean": -27.140844345092773
    },
    {
      "high_freq": 1457.5709228515625,
      "loudness": -29.749347686767578,
      "loudness_range": 20.06578826904297,
      "low_freq": 794.6976318359375,
      "mid_mean": -28.024391174316406,
      "mid_to_side_loudness": -3.4771244525909424,
      "mid_to_side_loudness_range": 12.765294075012207,
      "side_mean": -31.608928680419922
    },
    {
      "high_freq": 2549.74365234375,
      "loudness": -31.217021942138672,
      "loudness_range": 17.82604217529297,
      "low_freq": 1457.5709228515625,
      "mid_mean": -28.800390243530273,
      "mid_to_side_loudness": -5.345809459686279,
      "mid_to_side_loudness_range": 9.941550254821777,
      "side_mean": -34.300384521484375
    },
    {
      "high_freq": 4349.24462890625,
      "loudness": -34.188087463378906,
      "loudness_range": 17.545164108276367,
      "low_freq": 2549.74365234375,
      "mid_mean": -31.868303298950195,
      "mid_to_side_loudness": -5.051901817321777,
      "mid_to_side_loudness_range": 9.217019081115723,
      "side_mean": -37.105648040771484
    },
    {
      "high_freq": 7314.1640625,
      "loudness": -39.90081024169922,
      "loudness_range": 18.40277862548828,
      "low_freq": 4349.24462890625,
      "mid_mean": -37.98530960083008,
      "mid_to_side_loudness": -3.1558473110198975,
      "mid_to_side_loudness_range": 5.5750732421875,
      "side_mean": -41.27029037475586
    },
    {
      "high_freq": 12199.2666015625,
      "loudness": -44.29061508178711,
      "loudness_range": 18.452713012695312,
      "low_freq": 7314.1640625,
      "mid_mean": -43.00934600830078,
      "mid_to_side_loudness": -1.4346922636032104,
      "mid_to_side_loudness_range": 3.171731948852539,
      "side_mean": -44.50238037109375
    },
    {
      "loudness": -53.7890510559082,
      "loudness_range": 22.31543731689453,
      "low_freq": 12199.2666015625,
      "mid_mean": -53.4197998046875,
      "mid_to_side_loudness": 0.4667781889438629,
      "mid_to_side_loudness_range": 3.2168896198272705,
      "side_mean": -53.00190353393555
    }
  ],
  "bands_short": [
    {
      "high_freq": 148.1999969482422,
      "loudness": -36.34888458251953,
      "loudness_range": 16.802793502807617,
      "mid_mean": -33.07565689086914,
      "mid_to_side_loudness": -11.890961647033691,
      "mid_to_side_loudness_range": 14.434076309204102,
      "side_mean": -45.22027587890625
    },
    {
      "high_freq": 392.3793640136719,
      "loudness": -24.75855827331543,
      "loudness_range": 12.92521858215332,
      "low_freq": 148.1999969482422,
      "mid_mean": -21.95524787902832,
      "mid_to_side_loudness": -7.967369556427002,
      "mid_to_side_loudness_range": 14.714527130126953,
      "side_mean": -30.275671005249023
    },
    {
      "high_freq": 794.6976318359375,
      "loudness": -23.759267807006836,
      "loudness_range": 15.807730674743652,
      "low_freq": 392.3793640136719,
      "mid_mean": -21.44805335998535,
      "mid_to_side_loudness": -5.814387321472168,
      "mid_to_side_loudness_range": 14.057981491088867,
      "side_mean": -27.503355026245117
    },
    {
      "high_freq": 1457.5709228515625,
      "loudness": -30.493364334106445,
      "loudness_range": 21.957189559936523,
      "low_freq": 794.6976318359375,
      "mid_mean": -28.939132690429688,
      "mid_to_side_loudness": -3.3437020778656006,
      "mid_to_side_loudness_range": 14.30930233001709,
      "side_mean": -32.34872055053711
    },
    {
      "high_freq": 2549.74365234375,
      "loudness": -32.02412796020508,
      "loudness_range": 19.92091178894043,
      "low_freq": 1457.5709228515625,
      "mid_mean": -29.830713272094727,
      "mid_to_side_loudness": -4.920748710632324,
      "mid_to_side_loudness_range": 11.729308128356934,
      "side_mean": -34.90244674682617
    },
    {
      "high_freq": 4349.24462890625,
      "loudness": -34.977691650390625,
      "loudness_range": 20.04041862487793,
      "low_freq": 2549.74365234375,
      "mid_mean": -32.73596954345703,
      "mid_to_side_loudness": -4.925612449645996,
      "mid_to_side_loudness_range": 10.754436492919922,
      "side_mean": -37.91679382324219
    },
    {
      "high_freq": 7314.1640625,
      "loudness": -42.0078239440918,
      "loudness_range": 23.01568031311035,
      "low_freq": 4349.24462890625,
      "mid_mean": -40.146358489990234,
      "mid_to_side_loudness": -3.396311044692993,
      "mid_to_side_loudness_range": 6.66845178604126,
      "side_mean": -43.69879150390625
    },
    {
      "high_freq": 12199.2666015625,
      "loudness": -47.01748275756836,
      "loudness_range": 24.69354248046875,
      "low_freq": 7314.1640625,
      "mid_mean": -45.816001892089844,
      "mid_to_side_loudness": -1.7544246912002563,
      "mid_to_side_loudness_range": 4.21433687210083,
      "side_mean": -47.877933502197266
    },
    {
      "loudness": -59.949344635009766,
      "loudness_range": 28.693374633789062,
      "low_freq": 12199.2666015625,
      "mid_mean": -58.90092468261719,
      "mid_to_side_loudness": 1.2470126152038574,
      "mid_to_side_loudness_range": 4.483922958374023,
      "side_mean": -57.885284423828125
    }
  ],
  "channels": 2,
  "covariance": [
    [
      36.354827880859375,
      24.511795043945312,
      14.327245712280273,
      13.384430885314941,
      8.32978630065918,
      11.1826171875,
      10.240674018859863,
      13.04000473022461,
      9.113323211669922,
      10.597740173339844,
      5.216977119445801,
      4.719888210296631,
      2.3909103870391846,
      2.716500759124756,
      4.246128559112549,
      4.589062213897705,
      11.148560523986816,
      10.864349365234375
    ],
    [
      24.511795043945312,
      43.619773864746094,
      10.28845500946045,
      16.78963279724121,
      10.98961067199707,
      15.470111846923828,
      18.781980514526367,
      19.842496871948242,
      12.555821418762207,
      14.024030685424805,
      6.1518402099609375,
      8.583925247192383,
      4.875339031219482,
      6.264766693115234,
      5.251741886138916,
      6.033474922180176,
      11.885653495788574,
      11.508406639099121
    ],
    [
      14.327245712280273,
      10.28845500946045,
      20.694459915161133,
      11.177994728088379,
      9.360791206359863,
      9.232722282409668,
      6.7759575843811035,
      8.393367767333984,
      11.909085273742676,
      9.583724021911621,
      10.866485595703125,
      7.265469551086426,
      6.5075531005859375,
      4.343240737915039,
      7.534787178039551,
      6.961220741271973,
      10.513010025024414,
      10.875906944274902
    ],
    [
      13.384430885314941,
      16.78963279724121,
      11.177994728088379,
      20.411773681640625,
      9.83548355102539,
      13.842002868652344,
      14.349717140197754,
      17.301292419433594,
      14.86728286743164,
      16.63270378112793,
      12.675288200378418,
      12.588120460510254,
      9.934649467468262,
      9.527588844299316,
      8.53335189819336,
      8.792550086975098,
      14.10195541381836,
      14.095566749572754
    ],
    [
      8.32978630065918,
      10.98961067199707,
      9.360791206359863,
      9.83548355102539,
      31.615324020385742,
      18.03595542907715,
      20.948644638061523,
      15.706798553466797,
      20.992097854614258,
      16.718984603881836,
      16.888072967529297,
      12.778690338134766,
      10.999696731567383,
      9.593119621276855,
      14.987957954406738,
      13.831108093261719,
      13.464240074157715,
      14.048497200012207
    ],
    [
      11.1826171875,
      15.470111846923828,
      9.232722282409668,
      13.842002868652344,
      18.03595542907715,
      25.670108795166016,
      23.245113372802734,
      25.30961036682129,
      19.75169563293457,
      22.515748977661133,
      14.25586986541748,
      15.775132179260254,
      12.592094421386719,
      12.465442657470703,
      12.712725639343262,
      13.058688163757324,
      15.391225814819336,
      15.211246490478516
    ],
    [
      10.240674018859863,
      18.781980514526367,
      6.7759575843811035,
      14.349717140197754,
      20.948644638061523,
      23.245113372802734,
      51.968204498291016,
      35.38515090942383,
      31.617326736450195,
      29.471073150634766,
      22.517995834350586,
      22.382444381713867,
      18.534330368041992,
      17.281024932861328,
      17.934612274169922,
      17.858219146728516,
      20.68924903869629,
      20.28030776977539
    ],
    [
      13.04000473022461,
      19.842496871948242,
      8.393367767333984,
      17.301292419433594,
      15.706798553466797,
      25.30961036682129,
      35.38515090942383,
      38.70539474487305,
      25.506385803222656,
      29.094797134399414,
      17.36290740966797,
      20.586191177368164,
      16.66470718383789,
      16.95851707458496,
      14.758955001831055,
      15.761685371398926,
      20.848047256469727,
      20.138713836669922
    ],
    [
      9.113323211669922,
      12.555821418762207,
      11.909085273742676,
      14.86728286743164,
      20.992097854614258,
      19.75169563293457,
      31.617326736450195,
      25.506385803222656,
      44.37702941894531,
      33.917564392089844,
      34.143272399902344,
      28.512094497680664,
      26.14610481262207,
      22.57506561279297,
      23.365331649780273,
      22.30556297302246,
      21.096240997314453,
      21.727510452270508
    ],
    [
      10.597740173339844,
      14.024030685424805,
      9.583724021911621,
      16.63270378112793,
      16.718984603881836,
      22.515748977661133,
      29.471073150634766,
      29.094797134399414,
      33.917564392089844,
      35.89376449584961,
      25.97549819946289,
      27.07327651977539,
      22.419435501098633,
      21.62908363342285,
      18.71298599243164,
      19.150644302368164,
      20.437702178955078,
      20.21175193786621
    ],
    [
      5.216977119445801,
      6.1518402099609375,
      10.866485595703125,
      12.675288200378418,
      16.888072967529297,
      14.25586986541748,
      22.517995834350586,
      17.36290740966797,
      34.143272399902344,
      25.97549819946289,
      45.01945877075195,
      34.1809196472168,
      34.29568099975586,
      29.821680068969727,
      29.297208786010742,
      27.92679786682129,
      22.576967239379883,
      23.524620056152344
    ],
    [
      4.719888210296631,
      8.583925247192383,
      7.265469551086426,
      12.588120460510254,
      12.778690338134766,
      15.775132179260254,
      22.382444381713867,
      20.586191177368164,
      28.512094497680664,
      27.07327651977539,
      34.1809196472168,
      35.248085021972656,
      30.080129623413086,
      29.971582412719727,
      23.45045280456543,
      24.291120529174805,
      20.682313919067383,
      20.7440128326416
    ],
    [
      2.3909103870391846,
      4.875339031219482,
      6.5075531005859375,
      9.934649467468262,
      10.999696731567383,
      12.592094421386719,
      18.534330368041992,
      16.66470718383789,
      26.14610481262207,
      22.419435501098633,
      34.29568099975586,
      30.080129623413086,
      45.2971305847168,
      40.867393493652344,
      40.2957649230957,
      39.51130676269531,
      31.226964950561523,
      32.39016342163086
    ],
    [
      2.716500759124756,
      6.264766693115234,
      4.343240737915039,
      9.527588844299316,
      9.593119621276855,
      12.465442657470703,
      17.281024932861328,
      16.95851707458496,
      22.57506561279297,
      21.62908363342285,
      29.821680068969727,
      29.971582412719727,
      40.867393493652344,
      41.779327392578125,
      35.91184616088867,
      36.891117095947266,
      31.925630569458008,
      32.15524673461914
    ],
    [
      4.246128559112549,
      5.251741886138916,
      7.534787178039551,
      8.53335189819336,
      14.987957954406738,
      12.712725639343262,
      17.934612274169922,
      14.758955001831055,
      23.365331649780273,
      18.71298599243164,
      29.297208786010742,
      23.45045280456543,
      40.2957649230957,
      35.91184616088867,
      48.70386505126953,
      46.37019729614258,
      36.92108917236328,
      38.197021484375
    ],
    [
      4.589062213897705,
      6.033474922180176,
      6.961220741271973,
      8.792550086975098,
      13.831108093261719,
      13.058688163757324,
      17.858219146728516,
      15.761685371398926,
      22.30556297302246,
      19.150644302368164,
      27.92679786682129,
      24.291120529174805,
      39.51130676269531,
      36.891117095947266,
      46.37019729614258,
      45.896575927734375,
      38.799686431884766,
      39.490570068359375
    ],
    [
      11.148560523986816,
      11.885653495788574,
      10.513010025024414,
      14.10195541381836,
      13.464240074157715,
      15.391225814819336,
      20.68924903869629,
      20.848047256469727,
      21.096240997314453,
      20.437702178955078,
      22.576967239379883,
      20.682313919067383,
      31.226964950561523,
      31.925630569458008,
      36.92108917236328,
      38.799686431884766,
      60.05893325805664,
      58.11036682128906
    ],
    [
      10.864349365234375,
      11.508406639099121,
      10.875906944274902,
      14.095566749572754,
      14.048497200012207,
      15.211246490478516,
      20.28030776977539,
      20.138713836669922,
      21.727510452270508,
      20.21175193786621,
      23.524620056152344,
      20.7440128326416,
      32.39016342163086,
      32.15524673461914,
      38.197021484375,
      39.490570068359375,
      58.11036682128906,
      57.047969818115234
    ]
  ],
  "covariance_short": [
    [
      40.06712341308594,
      27.22415542602539,
      14.055932998657227,
      12.690217018127441,
      7.024580478668213,
      9.620601654052734,
      8.402671813964844,
      11.705828666687012,
      9.12365436553955,
      11.00054931640625,
      7.216500759124756,
      6.8714728355407715,
      6.430840969085693,
      6.167552947998047,
      6.186951160430908,
      7.623754024505615,
      11.762572288513184,
      11.413189888000488
    ],
    [
      27.22415542602539,
      37.930416107177734,
      11.601587295532227,
      16.503511428833008,
      7.60702657699585,
      12.821321487426758,
      12.969532012939453,
      14.94291877746582,
      10.961629867553711,
      13.870415687561035,
      8.007527351379395,
      9.754886627197266,
      7.4993896484375,
      8.067241668701172,
      7.514680862426758,
      9.142178535461426,
      12.2679443359375,
      11.91087818145752
    ],
    [
      14.055932998657227,
      11.601587295532227,
      25.909927368164062,
      12.380446434020996,
      11.35851001739502,
      10.761219024658203,
      9.534748077392578,
      9.753292083740234,
      13.830144882202148,
      11.930301666259766,
      11.91529655456543,
      8.297876358032227,
      7.933700084686279,
      4.863507270812988,
      8.595561027526855,
      9.047480583190918,
      6.953941345214844,
      8.217358589172363
    ],
    [
      12.690217018127441,
      16.503511428833008,
      12.380446434020996,
      24.182891845703125,
      11.943558692932129,
      16.453744888305664,
      17.684526443481445,
      18.959758758544922,
      16.75103759765625,
      18.54292869567871,
      12.4823637008667,
      13.455582618713379,
      11.044662475585938,
      10.566512107849121,
      9.775005340576172,
      11.232404708862305,
      10.876919746398926,
      11.247788429260254
    ],
    [
      7.024580478668213,
      7.60702657699585,
      11.35851001739502,
      11.943558692932129,
      36.900054931640625,
      19.66069793701172,
      24.309797286987305,
      17.151369094848633,
      25.215980529785156,
      19.875213623046875,
      20.117557525634766,
      15.620088577270508,
      13.32721996307373,
      11.461854934692383,
      18.67827033996582,
      19.784337997436523,
      11.041184425354004,
      12.16962718963623
    ],
    [
      9.620601654052734,
      12.821321487426758,
      10.761219024658203,
      16.453744888305664,
      19.66069793701172,
      29.799999237060547,
      25.41037940979004,
      27.154647827148438,
      22.5701904296875,
      25.687252044677734,
      15.88427734375,
      18.25989532470703,
      15.18846321105957,
      15.018714904785156,
      15.44804573059082,
      17.289649963378906,
      15.039563179016113,
      15.159242630004883
    ],
    [
      8.402671813964844,
      12.969532012939453,
      9.534748077392578,
      17.684526443481445,
      24.309797286987305,
      25.41037940979004,
      60.61052322387695,
      38.843780517578125,
      37.03964614868164,
      33.7180061340332,
      27.215618133544922,
      27.050100326538086,
      23.941560745239258,
      22.72243309020996,
      25.122005462646484,
      27.476299285888672,
      20.38912582397461,
      20.933090209960938
    ],
    [
      11.705828666687012,
      14.94291877746582,
      9.753292083740234,
      18.959758758544922,
      17.151369094848633,
      27.154647827148438,
      38.843780517578125,
      42.50539016723633,
      28.45572853088379,
      32.30552673339844,
      19.25899314880371,
      23.68486976623535,
      20.019079208374023,
      20.55651092529297,
      18.579517364501953,
      21.319557189941406,
      20.661376953125,
      20.327001571655273
    ],
    [
      9.12365436553955,
      10.961629867553711,
      13.830144882202148,
      16.75103759765625,
      25.215980529785156,
      22.5701904296875,
      37.03964614868164,
      28.45572853088379,
      54.702449798583984,
      39.60127639770508,
      41.468204498291016,
      35.32630920410156,
      34.09850311279297,
      30.65798568725586,
      32.60873794555664,
      34.156341552734375,
      22.07709503173828,
      24.264278411865234
    ],
    [
      11.00054931640625,
      13.870415687561035,
      11.930301666259766,
      18.54292869567871,
      19.875213623046875,
      25.687252044677734,
      33.7180061340332,
      32.30552673339844,
      39.60127639770508,
      42.86947250366211,
      30.829744338989258,
      32.9621696472168,
      29.302947998046875,
      29.188514709472656,
      26.335365295410156,
      29.057004928588867,
      23.860485076904297,
      24.333354949951172
    ],
    [
      7.216500759124756,
      8.007527351379395,
      11.91529655456543,
      12.4823637008667,
      20.117557525634766,
      15.88427734375,
      27.215618133544922,
      19.25899314880371,
      41.468204498291016,
      30.829744338989258,
      56.38002395629883,
      42.79246139526367,
      45.66022491455078,
      41.67938232421875,
      40.99633026123047,
      42.161651611328125,
      26.53879165649414,
      29.023595809936523
    ],
    [
      6.8714728355407715,
      9.754886627197266,
      8.297876358032227,
      13.455582618713379,
      15.620088577270508,
      18.25989532470703,
      27.050100326538086,
      23.68486976623535,
      35.32630920410156,
      32.9621696472168,
      42.79246139526367,
      45.95418167114258,
      41.62467575073242,
      43.61942672729492,
      35.56300354003906,
      39.81616973876953,
      30.923009872436523,
      31.271394729614258
    ],
    [
      6.430840969085693,
      7.4993896484375,
      7.933700084686279,
      11.044662475585938,
      13.32721996307373,
      15.18846321105957,
      23.941560745239258,
      20.019079208374023,
      34.09850311279297,
      29.302947998046875,
      45.66022491455078,
      41.62467575073242,
      65.59063720703125,
      62.84624099731445,
      58.71073532104492,
      60.592586517333984,
      46.592628479003906,
      47.969635009765625
    ],
    [
      6.167552947998047,
      8.067241668701172,
      4.863507270812988,
      10.566512107849121,
      11.461854934692383,
      15.018714904785156,
      22.72243309020996,
      20.55651092529297,
      30.65798568725586,
      29.188514709472656,
      41.67938232421875,
      43.61942672729492,
      62.84624099731445,
      68.11943817138672,
      57.40788650512695,
      62.11070251464844,
      52.515525817871094,
      52.214927673339844
    ],
    [
      6.186951160430908,
      7.514680862426758,
      8.595561027526855,
      9.775005340576172,
      18.67827033996582,
      15.44804573059082,
      25.122005462646484,
      18.579517364501953,
      32.60873794555664,
      26.335365295410156,
      40.99633026123047,
      35.56300354003906,
      58.71073532104492,
      57.40788650512695,
      74.2103271484375,
      72.63690948486328,
      53.19218063354492,
      54.83964157104492
    ],
    [
      7.623754024505615,
      9.142178535461426,
      9.047480583190918,
      11.232404708862305,
      19.784337997436523,
      17.289649963378906,
      27.476299285888672,
      21.319557189941406,
      34.156341552734375,
      29.057004928588867,
      42.161651611328125,
      39.81616973876953,
      60.592586517333984,
      62.11070251464844,
      72.63690948486328,
      78.03880310058594,
      58.956241607666016,
      60.04051208496094
    ],
    [
      11.762572288513184,
      12.2679443359375,
      6.953941345214844,
      10.876919746398926,
      11.041184425354004,
      15.039563179016113,
      20.38912582397461,
      20.661376953125,
      22.07709503173828,
      23.860485076904297,
      26.53879165649414,
      30.923009872436523,
      46.592628479003906,
      52.515525817871094,
      53.19218063354492,
      58.956241607666016,
      73.61004638671875,
      70.75301361083984
    ],
    [
      11.413189888000488,
      11.91087818145752,
      8.217358589172363,
      11.247788429260254,
      12.16962718963623,
      15.159242630004883,
      20.933090209960938,
      20.327001571655273,
      24.264278411865234,
      24.333354949951172,
      29.023595809936523,
      31.271394729614258,
      47.969635009765625,
      52.214927673339844,
      54.83964157104492,
      60.04051208496094,
      70.75301361083984,
      69.73206329345703
    ]
  ],
  "drr": 14.401570320129395,
  "dynamics": 3.7156848907470703,
  "format": 1245190,
  "frames": 9814016,
  "loudness": -14.90518856048584,
  "loudness_range": 10.60023021697998,
  "loudness_range_short": 12.423447608947754,
  "peak": -0.8142833709716797,
  "rms": -16.35795021057129,
  "sample_rate": 44100,
  "sections": 1,
  "seekable": 1,
  "sharpness": 1.9808831214904785,
  "space": -7.281156539916992
}