{
  "bands": [
    {
      "high_freq": 148.1999969482422,
      "loudness": -42.3186149597168,
      "loudness_range": 17.887378692626953,
      "mid_mean": -41.11140823364258,
      "mid_to_side_loudness": -1.173709750175476,
      "mid_to_side_loudness_range": 2.6118741035461426,
      "side_mean": -42.307777404785156
    },
    {
      "high_freq": 392.3793640136719,
      "loudness": -30.41743278503418,
      "loudness_range": 17.917072296142578,
      "low_freq": 148.1999969482422,
      "mid_mean": -29.259531021118164,
      "mid_to_side_loudness": -1.1931705474853516,
      "mid_to_side_loudness_range": 0.9688150882720947,
      "side_mean": -30.43719482421875
    },
    {
      "high_freq": 794.6976318359375,
      "loudness": -27.07286262512207,
      "loudness_range": 13.296747207641602,
      "low_freq": 392.3793640136719,
      "mid_mean": -25.87531852722168,
      "mid_to_side_loudness": -1.18781316280365,
      "mid_to_side_loudness_range": 1.9454632997512817,
      "side_mean": -27.0616397857666
    },
    {
      "high_freq": 1457.5709228515625,
      "loudness": -35.26918029785156,
      "loudness_range": 16.325546264648438,
      "low_freq": 794.6976318359375,
      "mid_mean": -34.04076385498047,
      "mid_to_side_loudness": -1.1962499618530273,
      "mid_to_side_loudness_range": 1.5237373113632202,
      "side_mean": -35.236053466796875
    },
    {
      "high_freq": 2549.74365234375,
      "loudness": -40.66776657104492,
      "loudness_range": 14.863208770751953,
      "low_freq": 1457.5709228515625,
      "mid_mean": -39.46689987182617,
      "mid_to_side_loudness": -1.2055190801620483,
      "mid_to_side_loudness_range": 1.1388463973999023,
      "side_mean": -40.67066955566406
    },
    {
      "high_freq": 4349.24462890625,
      "loudness": -53.21308135986328,
      "loudness_range": 17.41562271118164,
      "low_freq": 2549.74365234375,
      "mid_mean": -52.45378494262695,
      "mid_to_side_loudness": -1.241732120513916,
      "mid_to_side_loudness_range": 0.8625522255897522,
      "side_mean": -53.602325439453125
    },
    {
      "high_freq": 7314.1640625,
      "loudness": -69.42463684082031,
      "loudness_range": 20.737468719482422,
      "low_freq": 4349.24462890625,
      "mid_mean": -65.07161712646484,
      "mid_to_side_loudness": -1.2393262386322021,
      "mid_to_side_loudness_range": 0.6460790038108826,
      "side_mean": -65.72672271728516
    },
    {
      "high_freq": 12199.2666015625,
      "loudness": -77.84587097167969,
      "loudness_range": 8.936325073242188,
      "low_freq": 7314.1640625,
      "mid_mean": -68.86726379394531,
      "mid_to_side_loudness": -1.275930404663086,
      "mid_to_side_loudness_range": 0.5509989857673645,
      "side_mean": -69.09170532226562
    },
    {
      "loudness": 0,
      "loudness_range": 0,
      "low_freq": 12199.2666015625,
      "mid_mean": -69.69139099121094,
      "mid_to_side_loudness": -0.9220578670501709,
      "mid_to_side_loudness_range": 0.4497281312942505,
      "side_mean": -69.74877166748047
    }
  ],
  "bands_short": [
    {
      "high_freq": 148.1999969482422,
      "loudness": -48.09283447265625,
      "loudness_range": 25.19774627685547,
      "mid_mean": -47.011722564697266,
      "mid_to_side_loudness": -1.232818841934204,
      "mid_to_side_loudness_range": 8.865293502807617,
      "side_mean": -48.23114776611328
    },
    {
      "high_freq": 392.3793640136719,
      "loudness": -32.111209869384766,
      "loudness_range": 21.508121490478516,
      "low_freq": 148.1999969482422,
      "mid_mean": -30.984865188598633,
      "mid_to_side_loudness": -1.1804002523422241,
      "mid_to_side_loudness_range": 2.77378511428833,
      "side_mean": -32.14615249633789
    },
    {
      "high_freq": 794.6976318359375,
      "loudness": -27.974430084228516,
      "loudness_range": 17.684513092041016,
      "low_freq": 392.3793640136719,
      "mid_mean": -26.809335708618164,
      "mid_to_side_loudness": -1.197083830833435,
      "mid_to_side_loudness_range": 3.210848569869995,
      "side_mean": -28.01540756225586
    },
    {
      "high_freq": 1457.5709228515625,
      "loudness": -35.93528366088867,
      "loudness_range": 19.324649810791016,
      "low_freq": 794.6976318359375,
      "mid_mean": -34.747623443603516,
      "mid_to_side_loudness": -1.1908214092254639,
      "mid_to_side_loudness_range": 2.6085562705993652,
      "side_mean": -35.94053649902344
    },
    {
      "high_freq": 2549.74365234375,
      "loudness": -42.338375091552734,
      "loudness_range": 19.288028717041016,
      "low_freq": 1457.5709228515625,
      "mid_mean": -41.185237884521484,
      "mid_to_side_loudness": -1.1903917789459229,
      "mid_to_side_loudness_range": 2.5200631618499756,
      "side_mean": -42.37181854248047
    },
    {
      "high_freq": 4349.24462890625,
      "loudness": -54.44194412231445,
      "loudness_range": 22.43299102783203,
      "low_freq": 2549.74365234375,
      "mid_mean": -53.63665008544922,
      "mid_to_side_loudness": -1.2179841995239258,
      "mid_to_side_loudness_range": 2.3427774906158447,
      "side_mean": -54.73018264770508
    },
    {
      "high_freq": 7314.1640625,
      "loudness": -70.46849060058594,
      "loudness_range": 21.19631576538086,
      "low_freq": 4349.24462890625,
      "mid_mean": -65.54653930664062,
      "mid_to_side_loudness": -1.2389074563980103,
      "mid_to_side_loudness_range": 1.8631867170333862,
      "side_mean": -66.13896942138672
    },
    {
      "high_freq": 12199.2666015625,
      "loudness": -78.38385009765625,
      "loudness_range": 8.039176940917969,
      "low_freq": 7314.1640625,
      "mid_mean": -69.02975463867188,
      "mid_to_side_loudness": -1.275702714920044,
      "mid_to_side_loudness_range": 1.5835769176483154,
      "side_mean": -69.22997283935547
    },
    {
      "loudness": 0,
      "loudness_range": 0,
      "low_freq": 12199.2666015625,
      "mid_mean": -69.68904876708984,
      "mid_to_side_loudness": -0.9196454882621765,
      "mid_to_side_loudness_range": 1.3440191745758057,
      "side_mean": -69.74694061279297
    }
  ],
  "channels": 2,
  "covariance": [
    [
      40.8802604675293,
      40.65157699584961,
      8.99261474609375,
      9.360260963439941,
      7.611780643463135,
      7.104425430297852,
      13.290152549743652,
      12.815836906433105,
      11.655261993408203,
      11.323497772216797,
      14.719646453857422,
      14.024466514587402,
      6.057005405426025,
      5.3686933517456055,
      0.9466303586959839,
      0.8082422614097595,
      0.05386224389076233,
      0.04502259939908981
    ],
    [
      40.65157699584961,
      42.13365936279297,
      8.619314193725586,
      9.06283950805664,
      7.360737323760986,
      6.814391613006592,
      13.634437561035156,
      13.129217147827148,
      11.762785911560059,
      11.425643920898438,
      15.018933296203613,
      14.319140434265137,
      6.149588584899902,
      5.436280250549316,
      0.8608238697052002,
      0.728434145450592,
      0.049383725970983505,
      0.042246054857969284
    ],
    [
      8.99261474609375,
      8.619314193725586,
      44.87055206298828,
      43.491058349609375,
      11.07387638092041,
      11.084403038024902,
      6.192537784576416,
      6.147342681884766,
      9.281325340270996,
      8.98219108581543,
      11.989944458007812,
      11.440000534057617,
      1.8316279649734497,
      1.4831148386001587,
      -0.5471480488777161,
      -0.5100172162055969,
      0.07213738560676575,
      0.051331594586372375
    ],
    [
      9.360260963439941,
      9.06283950805664,
      43.491058349609375,
      43.55572509765625,
      10.798287391662598,
      10.878000259399414,
      6.006655216217041,
      6.014457702636719,
      9.087822914123535,
      8.726142883300781,
      11.613651275634766,
      11.04611873626709,
      1.7857521772384644,
      1.4373904466629028,
      -0.5142374634742737,
      -0.4803028106689453,
      0.06799784302711487,
      0.04981251806020737
    ],
    [
      7.611780643463135,
      7.360737323760986,
      11.07387638092041,
      10.798287391662598,
      26.22109603881836,
      25.541046142578125,
      13.714619636535645,
      13.541787147521973,
      19.014230728149414,
      18.876008987426758,
      21.65583038330078,
      20.83686065673828,
      9.400588989257812,
      8.505108833312988,
      1.6610785722732544,
      1.3965564966201782,
      0.06085706874728203,
      0.0492190346121788
    ],
    [
      7.104425430297852,
      6.814391613006592,
      11.084403038024902,
      10.878000259399414,
      25.541046142578125,
      25.732332229614258,
      13.413607597351074,
      13.283685684204102,
      18.751405715942383,
      18.609601974487305,
      21.219104766845703,
      20.461200714111328,
      9.248406410217285,
      8.373705863952637,
      1.6211427450180054,
      1.3627898693084717,
      0.05697484314441681,
      0.04667229205369949
    ],
    [
      13.290152549743652,
      13.634437561035156,
      6.192537784576416,
      6.006655216217041,
      13.714619636535645,
      13.413607597351074,
      33.09950637817383,
      32.51801681518555,
      23.518774032592773,
      23.268268585205078,
      27.459341049194336,
      26.477508544921875,
      15.136520385742188,
      13.746439933776855,
      3.121293783187866,
      2.683345079421997,
      0.0707610696554184,
      0.057933464646339417
    ],
    [
      12.815836906433105,
      13.129217147827148,
      6.147342681884766,
      6.014457702636719,
      13.541787147521973,
      13.283685684204102,
      32.51801681518555,
      32.49042510986328,
      23.195425033569336,
      22.94443130493164,
      27.14183807373047,
      26.180278778076172,
      14.854598999023438,
      13.483230590820312,
      3.0476930141448975,
      2.6217291355133057,
      0.06660208106040955,
      0.05483834445476532
    ],
    [
      11.655261993408203,
      11.762785911560059,
      9.281325340270996,
      9.087822914123535,
      19.014230728149414,
      18.751405715942383,
      23.518774032592773,
      23.195425033569336,
      31.08648109436035,
      30.56361198425293,
      32.29821014404297,
      31.23967933654785,
      16.64045524597168,
      15.129271507263184,
      3.2615511417388916,
      2.780982494354248,
      0.0675622746348381,
      0.05461810529232025
    ],
    [
      11.323497772216797,
      11.425643920898438,
      8.98219108581543,
      8.726142883300781,
      18.876008987426758,
      18.609601974487305,
      23.268268585205078,
      22.94443130493164,
      30.56361198425293,
      30.405546188354492,
      31.969009399414062,
      30.94626808166504,
      16.43067169189453,
      14.953914642333984,
      3.235285997390747,
      2.7623672485351562,
      0.06417491286993027,
      0.052129413932561874
    ],
    [
      14.719646453857422,
      15.018933296203613,
      11.989944458007812,
      11.613651275634766,
      21.65583038330078,
      21.219104766845703,
      27.459341049194336,
      27.14183807373047,
      32.29821014404297,
      31.969009399414062,
      47.32036209106445,
      45.5555419921875,
      22.97178840637207,
      20.915803909301758,
      4.939694404602051,
      4.258326053619385,
      0.15933744609355927,
      0.12908388674259186
    ],
    [
      14.024466514587402,
      14.319140434265137,
      11.440000534057617,
      11.04611873626709,
      20.83686065673828,
      20.461200714111328,
      26.477508544921875,
      26.180278778076172,
      31.23967933654785,
      30.94626808166504,
      45.5555419921875,
      44.108333587646484,
      22.3103084564209,
      20.329269409179688,
      4.813567161560059,
      4.153395175933838,
      0.14864972233772278,
      0.12067505717277527
    ],
    [
      6.057005405426025,
      6.149588584899902,
      1.8316279649734497,
      1.7857521772384644,
      9.400588989257812,
      9.248406410217285,
      15.136520385742188,
      14.854598999023438,
      16.64045524597168,
      16.43067169189453,
      22.97178840637207,
      22.3103084564209,
      19.704700469970703,
      18.267709732055664,
      5.659721374511719,
      4.9633073806762695,
      0.06679214537143707,
      0.05387994647026062
    ],
    [
      5.3686933517456055,
      5.436280250549316,
      1.4831148386001587,
      1.4373904466629028,
      8.505108833312988,
      8.373705863952637,
      13.746439933776855,
      13.483230590820312,
      15.129271507263184,
      14.953914642333984,
      20.915803909301758,
      20.329269409179688,
      18.267709732055664,
      16.985454559326172,
      5.362410545349121,
      4.709747314453125,
      0.059260379523038864,
      0.04776325821876526
    ],
    [
      0.9466303586959839,
      0.8608238697052002,
      -0.5471480488777161,
      -0.5142374634742737,
      1.6610785722732544,
      1.6211427450180054,
      3.121293783187866,
      3.0476930141448975,
      3.2615511417388916,
      3.235285997390747,
      4.939694404602051,
      4.813567161560059,
      5.659721374511719,
      5.362410545349121,
      3.242987632751465,
      2.9215333461761475,
      0.022477319464087486,
      0.016902338713407516
    ],
    [
      0.8082422614097595,
      0.728434145450592,
      -0.5100172162055969,
      -0.4803028106689453,
      1.3965564966201782,
      1.3627898693084717,
      2.683345079421997,
      2.6217291355133057,
      2.780982494354248,
      2.7623672485351562,
      4.258326053619385,
      4.153395175933838,
      4.9633073806762695,
      4.709747314453125,
      2.9215333461761475,
      2.6393039226531982,
      0.01972690224647522,
      0.014771433547139168
    ],
    [
      0.05386224389076233,
      0.049383725970983505,
      0.07213738560676575,
      0.06799784302711487,
      0.06085706874728203,
      0.05697484314441681,
      0.0707610696554184,
      0.06660208106040955,
      0.0675622746348381,
      0.06417491286993027,
      0.15933744609355927,
      0.14864972233772278,
      0.06679214537143707,
      0.059260379523038864,
      0.022477319464087486,
      0.01972690224647522,
      0.0031874156557023525,
      0.002498523099347949
    ],
    [
      0.04502259939908981,
      0.042246054857969284,
      0.051331594586372375,
      0.04981251806020737,
      0.0492190346121788,
      0.04667229205369949,
      0.057933464646339417,
      0.05483834445476532,
      0.05461810529232025,
      0.052129413932561874,
      0.12908388674259186,
      0.12067505717277527,
      0.05387994647026062,
      0.04776325821876526,
      0.016902338713407516,
      0.014771433547139168,
      0.002498523099347949,
      0.002037524478510022
    ]
  ],
  "covariance_short": [
    [
      73.89176177978516,
      69.7141342163086,
      17.050777435302734,
      16.98607063293457,
      11.897598266601562,
      11.573770523071289,
      20.43097686767578,
      20.2861328125,
      22.46765899658203,
      22.1422176361084,
      26.097320556640625,
      25.24285125732422,
      10.2349853515625,
      9.251214981079102,
      1.4131194353103638,
      1.2118830680847168,
      0.07412918657064438,
      0.0622825026512146
    ],
    [
      69.7141342163086,
      75.03983306884766,
      16.40711212158203,
      16.659719467163086,
      11.565889358520508,
      11.311224937438965,
      20.455162048339844,
      20.23891258239746,
      22.41472625732422,
      22.11806297302246,
      26.228994369506836,
      25.35295295715332,
      10.251368522644043,
      9.277117729187012,
      1.3781795501708984,
      1.1777141094207764,
      0.06952853500843048,
      0.05980744585394859
    ],
    [
      17.050777435302734,
      16.40711212158203,
      57.454933166503906,
      55.13450622558594,
      20.363780975341797,
      20.108871459960938,
      11.33361530303955,
      11.483819007873535,
      16.512779235839844,
      16.230764389038086,
      20.087295532226562,
      19.481477737426758,
      4.592000484466553,
      4.044312953948975,
      0.04925842583179474,
      0.008653532713651657,
      0.08848189562559128,
      0.06557290256023407
    ],
    [
      16.98607063293457,
      16.659719467163086,
      55.13450622558594,
      56.56910705566406,
      19.818410873413086,
      20.0523738861084,
      11.17652702331543,
      11.36369800567627,
      16.223983764648438,
      15.85468864440918,
      19.51449203491211,
      18.85783576965332,
      4.3918232917785645,
      3.864502191543579,
      0.014696740545332432,
      -0.019467618316411972,
      0.08526713401079178,
      0.06406708806753159
    ],
    [
      11.897598266601562,
      11.565889358520508,
      20.363780975341797,
      19.818410873413086,
      41.022125244140625,
      39.359771728515625,
      19.751861572265625,
      19.566526412963867,
      28.82925033569336,
      28.602434158325195,
      30.633560180664062,
      29.64909553527832,
      12.042325973510742,
      10.911736488342285,
      1.6604233980178833,
      1.3846129179000854,
      0.08459559082984924,
      0.06649951636791229
    ],
    [
      11.573770523071289,
      11.311224937438965,
      20.108871459960938,
      20.0523738861084,
      39.359771728515625,
      40.34776306152344,
      19.469202041625977,
      19.370214462280273,
      28.618263244628906,
      28.349302291870117,
      30.18238639831543,
      29.273029327392578,
      11.856366157531738,
      10.752166748046875,
      1.6394859552383423,
      1.3690953254699707,
      0.07884470373392105,
      0.0639994889497757
    ],
    [
      20.43097686767578,
      20.455162048339844,
      11.33361530303955,
      11.17652702331543,
      19.751861572265625,
      19.469202041625977,
      43.76945877075195,
      42.76744079589844,
      33.94952392578125,
      33.668701171875,
      37.606956481933594,
      36.424015045166016,
      19.02288818359375,
      17.369014739990234,
      3.4413912296295166,
      2.979379653930664,
      0.0947953537106514,
      0.0770270973443985
    ],
    [
      20.2861328125,
      20.23891258239746,
      11.483819007873535,
      11.36369800567627,
      19.566526412963867,
      19.370214462280273,
      42.76744079589844,
      43.32392120361328,
      33.7085075378418,
      33.34879684448242,
      37.303524017333984,
      36.15461349487305,
      18.790151596069336,
      17.1585750579834,
      3.3844451904296875,
      2.9280943870544434,
      0.08928094804286957,
      0.07330663502216339
    ],
    [
      22.46765899658203,
      22.41472625732422,
      16.512779235839844,
      16.223983764648438,
      28.82925033569336,
      28.618263244628906,
      33.94952392578125,
      33.7085075378418,
      47.758052825927734,
      46.4916877746582,
      45.5032844543457,
      44.106388092041016,
      21.154176712036133,
      19.27040672302246,
      3.511462926864624,
      2.99948787689209,
      0.09361064434051514,
      0.07608578354120255
    ],
    [
      22.1422176361084,
      22.11806297302246,
      16.230764389038086,
      15.85468864440918,
      28.602434158325195,
      28.349302291870117,
      33.668701171875,
      33.34879684448242,
      46.4916877746582,
      46.868499755859375,
      45.16050720214844,
      43.795169830322266,
      20.93655776977539,
      19.0671329498291,
      3.4825448989868164,
      2.9783780574798584,
      0.08993019163608551,
      0.07357978075742722
    ],
    [
      26.097320556640625,
      26.228994369506836,
      20.087295532226562,
      19.51449203491211,
      30.633560180664062,
      30.18238639831543,
      37.606956481933594,
      37.303524017333984,
      45.5032844543457,
      45.16050720214844,
      61.57473373413086,
      59.18035125732422,
      26.31355857849121,
      23.989120483398438,
      4.509925842285156,
      3.882606267929077,
      0.18645448982715607,
      0.15140138566493988
    ],
    [
      25.24285125732422,
      25.35295295715332,
      19.481477737426758,
      18.85783576965332,
      29.64909553527832,
      29.273029327392578,
      36.424015045166016,
      36.15461349487305,
      44.106388092041016,
      43.795169830322266,
      59.18035125732422,
      57.779178619384766,
      25.604522705078125,
      23.367429733276367,
      4.397434711456299,
      3.7872493267059326,
      0.17539159953594208,
      0.14264099299907684
    ],
    [
      10.2349853515625,
      10.251368522644043,
      4.592000484466553,
      4.3918232917785645,
      12.042325973510742,
      11.856366157531738,
      19.02288818359375,
      18.790151596069336,
      21.154176712036133,
      20.93655776977539,
      26.31355857849121,
      25.604522705078125,
      20.579072952270508,
      19.020231246948242,
      4.489963531494141,
      3.9252543449401855,
      0.07988493144512177,
      0.06428645551204681
    ],
    [
      9.251214981079102,
      9.277117729187012,
      4.044312953948975,
      3.864502191543579,
      10.911736488342285,
      10.752166748046875,
      17.369014739990234,
      17.1585750579834,
      19.27040672302246,
      19.0671329498291,
      23.989120483398438,
      23.367429733276367,
      19.020231246948242,
      17.746919631958008,
      4.256513595581055,
      3.728264093399048,
      0.07209920138120651,
      0.05797161906957626
    ],
    [
      1.4131194353103638,
      1.3781795501708984,
      0.04925842583179474,
      0.014696740545332432,
      1.6604233980178833,
      1.6394859552383423,
      3.4413912296295166,
      3.3844451904296875,
      3.511462926864624,
      3.4825448989868164,
      4.509925842285156,
      4.397434711456299,
      4.489963531494141,
      4.256513595581055,
      2.333294630050659,
      2.1047253608703613,
      0.030469119548797607,
      0.02291075512766838
    ],
    [
      1.2118830680847168,
      1.1777141094207764,
      0.008653532713651657,
      -0.019467618316411972,
      1.3846129179000854,
      1.3690953254699707,
      2.979379653930664,
      2.9280943870544434,
      2.99948787689209,
      2.9783780574798584,
      3.882606267929077,
      3.7872493267059326,
      3.9252543449401855,
      3.728264093399048,
      2.1047253608703613,
      1.9110987186431885,
      0.027365336194634438,
      0.02049298584461212
    ],
    [
      0.07412918657064438,
      0.06952853500843048,
      0.08848189562559128,
      0.08526713401079178,
      0.08459559082984924,
      0.07884470373392105,
      0.0947953537106514,
      0.08928094804286957,
      0.09361064434051514,
      0.08993019163608551,
      0.18645448982715607,
      0.17539159953594208,
      0.07988493144512177,
      0.07209920138120651,
      0.030469119548797607,
      0.027365336194634438,
      0.005107279401272535,
      0.0036191176623106003
    ],
    [
      0.0622825026512146,
      0.05980744585394859,
      0.06557290256023407,
      0.06406708806753159,
      0.06649951636791229,
      0.0639994889497757,
      0.0770270973443985,
      0.07330663502216339,
      0.07608578354120255,
      0.07357978075742722,
      0.15140138566493988,
      0.14264099299907684,
      0.06428645551204681,
      0.05797161906957626,
      0.02291075512766838,
      0.02049298584461212,
      0.0036191176623106003,
      0.003200600389391184
    ]
  ],
  "drr": 8.196358680725098,
  "dynamics": 3.719219207763672,
  "format": 1245190,
  "frames": 12109824,
  "loudness": -19.840492248535156,
  "loudness_range": 9.647972106933594,
  "loudness_range_short": 14.171069145202637,
  "peak": -2.0175936222076416,
  "rms": -21.395456314086914,
  "sample_rate": 44100,
  "sections": 1,
  "seekable": 1,
  "sharpness": 3.986271381378174,
  "space": -1.2139257192611694
}