{
  "bands": [
    {
      "high_freq": 148.1999969482422,
      "loudness": -23.884552001953125,
      "loudness_range": 20.318069458007812,
      "mid_mean": -20.604692459106445,
      "mid_to_side_loudness": -15.126579284667969,
      "mid_to_side_loudness_range": 25.429378509521484,
      "side_mean": -37.00962829589844
    },
    {
      "high_freq": 392.3793640136719,
      "loudness": -23.542335510253906,
      "loudness_range": 13.462369918823242,
      "low_freq": 148.1999969482422,
      "mid_mean": -20.682575225830078,
      "mid_to_side_loudness": -8.168013572692871,
      "mid_to_side_loudness_range": 12.695886611938477,
      "side_mean": -28.938261032104492
    },
    {
      "high_freq": 794.6976318359375,
      "loudness": -27.78885841369629,
      "loudness_range": 15.411602020263672,
      "low_freq": 392.3793640136719,
      "mid_mean": -25.075763702392578,
      "mid_to_side_loudness": -7.225274562835693,
      "mid_to_side_loudness_range": 12.23098373413086,
      "side_mean": -32.32571029663086
    },
    {
      "high_freq": 1457.5709228515625,
      "loudness": -33.806907653808594,
      "loudness_range": 20.20366668701172,
      "low_freq": 794.6976318359375,
      "mid_mean": -31.012319564819336,
      "mid_to_side_loudness": -7.967909812927246,
      "mid_to_side_loudness_range": 13.298640251159668,
      "side_mean": -38.99631881713867
    },
    {
      "high_freq": 2549.74365234375,
      "loudness": -33.4988899230957,
      "loudness_range": 21.343429565429688,
      "low_freq": 1457.5709228515625,
      "mid_mean": -30.781044006347656,
      "mid_to_side_loudness": -7.621474742889404,
      "mid_to_side_loudness_range": 13.075740814208984,
      "side_mean": -38.41377639770508
    },
    {
      "high_freq": 4349.24462890625,
      "loudness": -35.04103469848633,
      "loudness_range": 17.763916015625,
      "low_freq": 2549.74365234375,
      "mid_mean": -32.211158752441406,
      "mid_to_side_loudness": -8.207262992858887,
      "mid_to_side_loudness_range": 12.903158187866211,
      "side_mean": -40.549320220947266
    },
    {
      "high_freq": 7314.1640625,
      "loudness": -31.33733558654785,
      "loudness_range": 14.274877548217773,
      "low_freq": 4349.24462890625,
      "mid_mean": -28.734220504760742,
      "mid_to_side_loudness": -6.287192344665527,
      "mid_to_side_loudness_range": 9.342855453491211,
      "side_mean": -35.103759765625
    },
    {
      "high_freq": 12199.2666015625,
      "loudness": -29.746841430664062,
      "loudness_range": 12.001325607299805,
      "low_freq": 7314.1640625,
      "mid_mean": -27.39833641052246,
      "mid_to_side_loudness": -5.011961936950684,
      "mid_to_side_loudness_range": 8.18115234375,
      "side_mean": -32.47342300415039
    },
    {
      "loudness": -32.837677001953125,
      "loudness_range": 12.006303787231445,
      "low_freq": 12199.2666015625,
      "mid_mean": -31.067373275756836,
      "mid_to_side_loudness": -2.7314212322235107,
      "mid_to_side_loudness_range": 4.563804626464844,
      "side_mean": -33.8300666809082
    }
  ],
  "bands_short": [
    {
      "high_freq": 148.1999969482422,
      "loudness": -27.756649017333984,
      "loudness_range": 28.607805252075195,
      "mid_mean": -24.74481773376465,
      "mid_to_side_loudness": -13.322359085083008,
      "mid_to_side_loudness_range": 29.64432144165039,
      "side_mean": -41.51152801513672
    },
    {
      "high_freq": 392.3793640136719,
      "loudness": -24.65581512451172,
      "loudness_range": 19.167442321777344,
      "low_freq": 148.1999969482422,
      "mid_mean": -22.102617263793945,
      "mid_to_side_loudness": -7.576094627380371,
      "mid_to_side_loudness_range": 17.465925216674805,
      "side_mean": -29.8424129486084
    },
    {
      "high_freq": 794.6976318359375,
      "loudness": -29.23081398010254,
      "loudness_range": 19.122087478637695,
      "low_freq": 392.3793640136719,
      "mid_mean": -26.726795196533203,
      "mid_to_side_loudness": -6.712998390197754,
      "mid_to_side_loudness_range": 13.656615257263184,
      "side_mean": -33.410587310791016
    },
    {
      "high_freq": 1457.5709228515625,
      "loudness": -34.91082763671875,
      "loudness_range": 24.667022705078125,
      "low_freq": 794.6976318359375,
      "mid_mean": -32.50995635986328,
      "mid_to_side_loudness": -6.792938709259033,
      "mid_to_side_loudness_range": 14.995024681091309,
      "side_mean": -39.181427001953125
    },
    {
      "high_freq": 2549.74365234375,
      "loudness": -35.585506439208984,
      "loudness_range": 25.20801544189453,
      "low_freq": 1457.5709228515625,
      "mid_mean": -33.186485290527344,
      "mid_to_side_loudness": -6.473237991333008,
      "mid_to_side_loudness_range": 14.058812141418457,
      "side_mean": -39.67646026611328
    },
    {
      "high_freq": 4349.24462890625,
      "loudness": -37.2826042175293,
      "loudness_range": 23.082313537597656,
      "low_freq": 2549.74365234375,
      "mid_mean": -34.86588668823242,
      "mid_to_side_loudness": -6.4781270027160645,
      "mid_to_side_loudness_range": 13.872895240783691,
      "side_mean": -41.351436614990234
    },
    {
      "high_freq": 7314.1640625,
      "loudness": -35.195579528808594,
      "loudness_range": 25.76372718811035,
      "low_freq": 4349.24462890625,
      "mid_mean": -32.773597717285156,
      "mid_to_side_loudness": -5.998234748840332,
      "mid_to_side_loudness_range": 13.072097778320312,
      "side_mean": -39.22162628173828
    },
    {
      "high_freq": 12199.2666015625,
      "loudness": -33.47981643676758,
      "loudness_range": 23.312448501586914,
      "low_freq": 7314.1640625,
      "mid_mean": -31.23516273498535,
      "mid_to_side_loudness": -5.475132942199707,
      "mid_to_side_loudness_range": 12.197036743164062,
      "side_mean": -36.84468078613281
    },
    {
      "loudness": -39.16942596435547,
      "loudness_range": 28.681276321411133,
      "low_freq": 12199.2666015625,
      "mid_mean": -37.315242767333984,
      "mid_to_side_loudness": -4.311761379241943,
      "mid_to_side_loudness_range": 10.999874114990234,
      "side_mean": -41.453067779541016
    }
  ],
  "channels": 2,
  "covariance": [
    [
      55.54572296142578,
      28.79758071899414,
      11.127354621887207,
      2.601585626602173,
      4.976426124572754,
      3.20804500579834,
      4.612515449523926,
      3.5320725440979004,
      0.2606036961078644,
      0.7123280763626099,
      2.5692968368530273,
      5.181914806365967,
      -0.1497916579246521,
      6.6481122970581055,
      2.4800074100494385,
      9.209771156311035,
      7.851564884185791,
      11.874845504760742
    ],
    [
      28.79758071899414,
      71.79717254638672,
      6.98082971572876,
      5.921622276306152,
      3.273165225982666,
      0.20548973977565765,
      3.1459193229675293,
      3.6735143661499023,
      -2.364508628845215,
      1.4065943956375122,
      0.022125719115138054,
      4.884710788726807,
      -4.177718639373779,
      0.5429631471633911,
      -1.5558125972747803,
      2.513655424118042,
      4.1069722175598145,
      6.252603054046631
    ],
    [
      11.127354621887207,
      6.98082971572876,
      29.32984733581543,
      22.0244083404541,
      18.823396682739258,
      14.972709655761719,
      16.33304214477539,
      13.198328018188477,
      18.961030960083008,
      14.7493257522583,
      22.89883804321289,
      17.557714462280273,
      16.3065185546875,
      11.120196342468262,
      12.882353782653809,
      8.154796600341797,
      7.295344829559326,
      5.307265758514404
    ],
    [
      2.601585626602173,
      5.921622276306152,
      22.0244083404541,
      34.38908386230469,
      19.091386795043945,
      22.22105598449707,
      15.083802223205566,
      18.98954200744629,
      17.709774017333984,
      20.449214935302734,
      18.981489181518555,
      22.188634872436523,
      12.835618019104004,
      9.718916893005371,
      9.452668190002441,
      5.85834264755249,
      3.350532293319702,
      1.6795130968093872
    ],
    [
      4.976426124572754,
      3.273165225982666,
      18.823396682739258,
      19.091386795043945,
      32.95096969604492,
      27.92205047607422,
      24.71567726135254,
      21.61484718322754,
      22.310367584228516,
      18.19038963317871,
      22.34548568725586,
      20.815383911132812,
      13.759031295776367,
      9.500849723815918,
      10.368618965148926,
      6.557646751403809,
      5.672062397003174,
      4.153226375579834
    ],
    [
      3.20804500579834,
      0.20548973977565765,
      14.972709655761719,
      22.22105598449707,
      27.92205047607422,
      41.5715217590332,
      21.36652946472168,
      30.185428619384766,
      18.817453384399414,
      24.641115188598633,
      16.93378448486328,
      24.54844093322754,
      9.725472450256348,
      9.917778968811035,
      7.777212142944336,
      7.206737518310547,
      3.849550485610962,
      3.666137218475342
    ],
    [
      4.612515449523926,
      3.1459193229675293,
      16.33304214477539,
      15.083802223205566,
      24.71567726135254,
      21.36652946472168,
      48.6839599609375,
      42.264671325683594,
      34.41499328613281,
      29.345853805541992,
      28.683040618896484,
      26.59242057800293,
      15.20394515991211,
      9.135427474975586,
      10.344108581542969,
      5.450301647186279,
      5.254755973815918,
      3.2290263175964355
    ],
    [
      3.5320725440979004,
      3.6735143661499023,
      13.198328018188477,
      18.98954200744629,
      21.61484718322754,
      30.185428619384766,
      42.264671325683594,
      56.69662094116211,
      28.623620986938477,
      38.06148910522461,
      22.222654342651367,
      32.42827224731445,
      10.058394432067871,
      9.627388000488281,
      7.050456523895264,
      6.365800380706787,
      3.0085225105285645,
      2.725980758666992
    ],
    [
      0.2606036961078644,
      -2.364508628845215,
      18.961030960083008,
      17.709774017333984,
      22.310367584228516,
      18.817453384399414,
      34.41499328613281,
      28.623620986938477,
      51.70921325683594,
      42.21101760864258,
      38.00653076171875,
      33.343589782714844,
      22.19575309753418,
      13.053114891052246,
      15.66895580291748,
      8.0289306640625,
      7.521724224090576,
      4.409675121307373
    ],
    [
      0.7123280763626099,
      1.4065943956375122,
      14.7493257522583,
      20.449214935302734,
      18.19038963317871,
      24.641115188598633,
      29.345853805541992,
      38.06148910522461,
      42.21101760864258,
      55.08879852294922,
      29.51205062866211,
      40.581695556640625,
      16.137609481811523,
      13.885359764099121,
      11.974892616271973,
      9.113362312316895,
      5.028723239898682,
      3.7680399417877197
    ],
    [
      2.5692968368530273,
      0.022125719115138054,
      22.89883804321289,
      18.981489181518555,
      22.34548568725586,
      16.93378448486328,
      28.683040618896484,
      22.222654342651367,
      38.00653076171875,
      29.51205062866211,
      44.493717193603516,
      32.872188568115234,
      27.745847702026367,
      14.934530258178711,
      19.008962631225586,
      8.148680686950684,
      7.698705196380615,
      2.62746262550354
    ],
    [
      5.181914806365967,
      4.884710788726807,
      17.557714462280273,
      22.188634872436523,
      20.815383911132812,
      24.54844093322754,
      26.59242057800293,
      32.42827224731445,
      33.343589782714844,
      40.581695556640625,
      32.872188568115234,
      44.4779167175293,
      20.24734115600586,
      18.554588317871094,
      15.448958396911621,
      12.237558364868164,
      7.0182271003723145,
      5.1152472496032715
    ],
    [
      -0.1497916579246521,
      -4.177718639373779,
      16.3065185546875,
      12.835618019104004,
      13.759031295776367,
      9.725472450256348,
      15.20394515991211,
      10.058394432067871,
      22.19575309753418,
      16.137609481811523,
      27.745847702026367,
      20.24734115600586,
      28.6274356842041,
      18.6344051361084,
      22.837894439697266,
      13.372186660766602,
      11.0776948928833,
      6.291918754577637
    ],
    [
      6.6481122970581055,
      0.5429631471633911,
      11.120196342468262,
      9.718916893005371,
      9.500849723815918,
      9.917778968811035,
      9.135427474975586,
      9.627388000488281,
      13.053114891052246,
      13.885359764099121,
      14.934530258178711,
      18.554588317871094,
      18.6344051361084,
      21.14077377319336,
      18.162090301513672,
      18.553813934326172,
      12.662750244140625,
      12.408550262451172
    ],
    [
      2.4800074100494385,
      -1.5558125972747803,
      12.882353782653809,
      9.452668190002441,
      10.368618965148926,
      7.777212142944336,
      10.344108581542969,
      7.050456523895264,
      15.66895580291748,
      11.974892616271973,
      19.008962631225586,
      15.448958396911621,
      22.837894439697266,
      18.162090301513672,
      22.640052795410156,
      16.814224243164062,
      13.763736724853516,
      10.47955322265625
    ],
    [
      9.209771156311035,
      2.513655424118042,
      8.154796600341797,
      5.85834264755249,
      6.557646751403809,
      7.206737518310547,
      5.450301647186279,
      6.365800380706787,
      8.0289306640625,
      9.113362312316895,
      8.148680686950684,
      12.237558364868164,
      13.372186660766602,
      18.553813934326172,
      16.814224243164062,
      21.144556045532227,
      15.372400283813477,
      17.165639877319336
    ],
    [
      7.851564884185791,
      4.1069722175598145,
      7.295344829559326,
      3.350532293319702,
      5.672062397003174,
      3.849550485610962,
      5.254755973815918,
      3.0085225105285645,
      7.521724224090576,
      5.028723239898682,
      7.698705196380615,
      7.0182271003723145,
      11.0776948928833,
      12.662750244140625,
      13.763736724853516,
      15.372400283813477,
      16.702566146850586,
      17.6396484375
    ],
    [
      11.874845504760742,
      6.252603054046631,
      5.307265758514404,
      1.6795130968093872,
      4.153226375579834,
      3.666137218475342,
      3.2290263175964355,
      2.725980758666992,
      4.409675121307373,
      3.7680399417877197,
      2.62746262550354,
      5.1152472496032715,
      6.291918754577637,
      12.408550262451172,
      10.47955322265625,
      17.165639877319336,
      17.6396484375,
      22.253280639648438
    ]
  ],
  "covariance_short": [
    [
      101.96116638183594,
      44.04058074951172,
      26.707618713378906,
      5.43683385848999,
      10.084168434143066,
      3.941941976547241,
      9.73220157623291,
      4.863293170928955,
      3.7294270992279053,
      1.8138453960418701,
      6.5218987464904785,
      5.715497016906738,
      6.2134222984313965,
      11.93530559539795,
      8.874496459960938,
      17.912025451660156,
      17.079607009887695,
      25.394201278686523
    ],
    [
      44.04058074951172,
      106.37421417236328,
      16.241817474365234,
      8.572164535522461,
      4.958792686462402,
      -1.1006687879562378,
      3.970184087753296,
      -1.3720703125,
      0.07209751754999161,
      -1.6119015216827393,
      0.24627810716629028,
      1.4374436140060425,
      -2.6881868839263916,
      1.3615607023239136,
      2.2399396896362305,
      7.764530181884766,
      7.978332042694092,
      10.821754455566406
    ],
    [
      26.707618713378906,
      16.241817474365234,
      51.30525588989258,
      28.120458602905273,
      26.041955947875977,
      20.377656936645508,
      22.710546493530273,
      16.464462280273438,
      25.49152374267578,
      18.002532958984375,
      29.487762451171875,
      20.631057739257812,
      27.046520233154297,
      25.269084930419922,
      22.505722045898438,
      22.19651222229004,
      21.815174102783203,
      24.665273666381836
    ],
    [
      5.43683385848999,
      8.572164535522461,
      28.120458602905273,
      45.02730178833008,
      22.978952407836914,
      27.13692283630371,
      20.52307891845703,
      21.87529945373535,
      22.547605514526367,
      22.148468017578125,
      24.257465362548828,
      23.737579345703125,
      21.13982582092285,
      19.812183380126953,
      16.64151382446289,
      13.932300567626953,
      11.047592163085938,
      9.896923065185547
    ],
    [
      10.084168434143066,
      4.958792686462402,
      26.041955947875977,
      22.978952407836914,
      47.535865783691406,
      36.44314193725586,
      33.264808654785156,
      25.12354278564453,
      29.92134666442871,
      20.840700149536133,
      29.744768142700195,
      23.199960708618164,
      22.794519424438477,
      21.82461166381836,
      17.35486602783203,
      15.464363098144531,
      15.352639198303223,
      14.693999290466309
    ],
    [
      3.941941976547241,
      -1.1006687879562378,
      20.377656936645508,
      27.13692283630371,
      36.44314193725586,
      50.937828063964844,
      28.248981475830078,
      33.07084655761719,
      25.724885940551758,
      26.79292106628418,
      24.854021072387695,
      26.847673416137695,
      18.336105346679688,
      20.492721557617188,
      13.8369779586792,
      14.200411796569824,
      10.206047058105469,
      10.920916557312012
    ],
    [
      9.73220157623291,
      3.970184087753296,
      22.710546493530273,
      20.52307891845703,
      33.264808654785156,
      28.248981475830078,
      70.21185302734375,
      52.329532623291016,
      50.71065902709961,
      36.81665802001953,
      43.59125518798828,
      32.81645584106445,
      31.801237106323242,
      27.32430076599121,
      21.18742561340332,
      16.589595794677734,
      18.182344436645508,
      14.730178833007812
    ],
    [
      4.863293170928955,
      -1.3720703125,
      16.464462280273438,
      21.87529945373535,
      25.12354278564453,
      33.07084655761719,
      52.329532623291016,
      66.16668701171875,
      37.19878005981445,
      41.59878158569336,
      31.420888900756836,
      35.075382232666016,
      20.305908203125,
      23.015758514404297,
      13.318957328796387,
      15.17153263092041,
      9.189081192016602,
      9.996868133544922
    ],
    [
      3.7294270992279053,
      0.07209751754999161,
      25.49152374267578,
      22.547605514526367,
      29.92134666442871,
      25.724885940551758,
      50.71065902709961,
      37.19878005981445,
      76.67373657226562,
      53.324737548828125,
      57.70821762084961,
      42.86524963378906,
      44.16706466674805,
      35.2923698425293,
      31.040618896484375,
      21.665727615356445,
      24.15130615234375,
      18.617294311523438
    ],
    [
      1.8138453960418701,
      -1.6119015216827393,
      18.002532958984375,
      22.148468017578125,
      20.840700149536133,
      26.79292106628418,
      36.81665802001953,
      41.59878158569336,
      53.324737548828125,
      61.39641571044922,
      40.84624099731445,
      45.21826171875,
      29.289831161499023,
      30.537918090820312,
      20.565532684326172,
      20.35393714904785,
      14.26257038116455,
      14.703970909118652
    ],
    [
      6.5218987464904785,
      0.24627810716629028,
      29.487762451171875,
      24.257465362548828,
      29.744768142700195,
      24.854021072387695,
      43.59125518798828,
      31.420888900756836,
      57.70821762084961,
      40.84624099731445,
      71.31940460205078,
      46.996665954589844,
      58.05513000488281,
      44.198326110839844,
      41.167930603027344,
      27.221261978149414,
      31.397079467773438,
      23.004545211791992
    ],
    [
      5.715497016906738,
      1.4374436140060425,
      20.631057739257812,
      23.737579345703125,
      23.199960708618164,
      26.847673416137695,
      32.81645584106445,
      35.075382232666016,
      42.86524963378906,
      45.21826171875,
      46.996665954589844,
      54.48298263549805,
      38.42659378051758,
      41.78030014038086,
      27.858154296875,
      26.94281578063965,
      20.698379516601562,
      19.97312355041504
    ],
    [
      6.2134222984313965,
      -2.6881868839263916,
      27.046520233154297,
      21.13982582092285,
      22.794519424438477,
      18.336105346679688,
      31.801237106323242,
      20.305908203125,
      44.16706466674805,
      29.289831161499023,
      58.05513000488281,
      38.42659378051758,
      83.6670150756836,
      64.03861999511719,
      65.97530364990234,
      52.124916076660156,
      58.671146392822266,
      51.26145553588867
    ],
    [
      11.93530559539795,
      1.3615607023239136,
      25.269084930419922,
      19.812183380126953,
      21.82461166381836,
      20.492721557617188,
      27.32430076599121,
      23.015758514404297,
      35.2923698425293,
      30.537918090820312,
      44.198326110839844,
      41.78030014038086,
      64.03861999511719,
      75.55409240722656,
      57.59852981567383,
      63.29621505737305,
      59.23727035522461,
      65.18277740478516
    ],
    [
      8.874496459960938,
      2.2399396896362305,
      22.505722045898438,
      16.64151382446289,
      17.35486602783203,
      13.8369779586792,
      21.18742561340332,
      13.318957328796387,
      31.040618896484375,
      20.565532684326172,
      41.167930603027344,
      27.858154296875,
      65.97530364990234,
      57.59852981567383,
      74.50308227539062,
      63.96855163574219,
      69.53813934326172,
      66.73959350585938
    ],
    [
      17.912025451660156,
      7.764530181884766,
      22.19651222229004,
      13.932300567626953,
      15.464363098144531,
      14.200411796569824,
      16.589595794677734,
      15.17153263092041,
      21.665727615356445,
      20.35393714904785,
      27.221261978149414,
      26.94281578063965,
      52.124916076660156,
      63.29621505737305,
      63.96855163574219,
      82.67558288574219,
      71.82936096191406,
      86.45611572265625
    ],
    [
      17.079607009887695,
      7.978332042694092,
      21.815174102783203,
      11.047592163085938,
      15.352639198303223,
      10.206047058105469,
      18.182344436645508,
      9.189081192016602,
      24.15130615234375,
      14.26257038116455,
      31.397079467773438,
      20.698379516601562,
      58.671146392822266,
      59.23727035522461,
      69.53813934326172,
      71.82936096191406,
      95.04190826416016,
      94.9708480834961
    ],
    [
      25.394201278686523,
      10.821754455566406,
      24.665273666381836,
      9.896923065185547,
      14.693999290466309,
      10.920916557312012,
      14.730178833007812,
      9.996868133544922,
      18.617294311523438,
      14.703970909118652,
      23.004545211791992,
      19.97312355041504,
      51.26145553588867,
      65.18277740478516,
      66.73959350585938,
      86.45611572265625,
      94.9708480834961,
      127.68330383300781
    ]
  ],
  "drr": 11.769989013671875,
  "dynamics": 3.7033965587615967,
  "format": 1245190,
  "frames": 13092864,
  "loudness": -13.471715927124023,
  "loudness_range": 8.714717864990234,
  "loudness_range_short": 15.357156753540039,
  "peak": 1.0989391803741455,
  "rms": -14.857854843139648,
  "sample_rate": 44100,
  "sections": 1,
  "seekable": 1,
  "sharpness": 4.2897820472717285,
  "space": -7.681796550750732
}