{
  "bands": [
    {
      "high_freq": 148.1999969482422,
      "loudness": -20.996225357055664,
      "loudness_range": 7.290422439575195,
      "mid_mean": -17.3236141204834,
      "mid_to_side_loudness": -21.460369110107422,
      "mid_to_side_loudness_range": 12.120030403137207,
      "side_mean": -39.10524368286133
    },
    {
      "high_freq": 392.3793640136719,
      "loudness": -17.56808853149414,
      "loudness_range": 4.837386131286621,
      "low_freq": 148.1999969482422,
      "mid_mean": -14.155250549316406,
      "mid_to_side_loudness": -11.960722923278809,
      "mid_to_side_loudness_range": 6.846344947814941,
      "side_mean": -26.27425765991211
    },
    {
      "high_freq": 794.6976318359375,
      "loudness": -19.518692016601562,
      "loudness_range": 8.087693214416504,
      "low_freq": 392.3793640136719,
      "mid_mean": -16.306278228759766,
      "mid_to_side_loudness": -9.786211013793945,
      "mid_to_side_loudness_range": 7.572186470031738,
      "side_mean": -26.221996307373047
    },
    {
      "high_freq": 1457.5709228515625,
      "loudness": -20.820993423461914,
      "loudness_range": 12.79166316986084,
      "low_freq": 794.6976318359375,
      "mid_mean": -17.552959442138672,
      "mid_to_side_loudness": -10.743213653564453,
      "mid_to_side_loudness_range": 9.674013137817383,
      "side_mean": -28.48021697998047
    },
    {
      "high_freq": 2549.74365234375,
      "loudness": -21.23817253112793,
      "loudness_range": 9.602533340454102,
      "low_freq": 1457.5709228515625,
      "mid_mean": -18.027067184448242,
      "mid_to_side_loudness": -9.716049194335938,
      "mid_to_side_loudness_range": 7.302745819091797,
      "side_mean": -27.898908615112305
    },
    {
      "high_freq": 4349.24462890625,
      "loudness": -23.479930877685547,
      "loudness_range": 9.786624908447266,
      "low_freq": 2549.74365234375,
      "mid_mean": -20.291513442993164,
      "mid_to_side_loudness": -9.472494125366211,
      "mid_to_side_loudness_range": 6.955544471740723,
      "side_mean": -29.916950225830078
    },
    {
      "high_freq": 7314.1640625,
      "loudness": -26.319250106811523,
      "loudness_range": 10.638053894042969,
      "low_freq": 4349.24462890625,
      "mid_mean": -22.916913986206055,
      "mid_to_side_loudness": -11.787402153015137,
      "mid_to_side_loudness_range": 6.333855628967285,
      "side_mean": -34.93837356567383
    },
    {
      "high_freq": 12199.2666015625,
      "loudness": -29.991411209106445,
      "loudness_range": 10.498968124389648,
      "low_freq": 7314.1640625,
      "mid_mean": -26.45659637451172,
      "mid_to_side_loudness": -14.436978340148926,
      "mid_to_side_loudness_range": 7.396231651306152,
      "side_mean": -41.19398880004883
    },
    {
      "loudness": -40.95389175415039,
      "loudness_range": 10.752315521240234,
      "low_freq": 12199.2666015625,
      "mid_mean": -37.5113639831543,
      "mid_to_side_loudness": -12.537616729736328,
      "mid_to_side_loudness_range": 8.231992721557617,
      "side_mean": -50.55775833129883
    }
  ],
  "bands_short": [
    {
      "high_freq": 148.1999969482422,
      "loudness": -25.55951690673828,
      "loudness_range": 14.096641540527344,
      "mid_mean": -21.899639129638672,
      "mid_to_side_loudness": -23.4228515625,
      "mid_to_side_loudness_range": 19.399600982666016,
      "side_mean": -45.824790954589844
    },
    {
      "high_freq": 392.3793640136719,
      "loudness": -17.37159538269043,
      "loudness_range": 8.197419166564941,
      "low_freq": 148.1999969482422,
      "mid_mean": -13.95999813079834,
      "mid_to_side_loudness": -12.836592674255371,
      "mid_to_side_loudness_range": 11.15878963470459,
      "side_mean": -26.962583541870117
    },
    {
      "high_freq": 794.6976318359375,
      "loudness": -19.66016960144043,
      "loudness_range": 9.571269989013672,
      "low_freq": 392.3793640136719,
      "mid_mean": -16.535058975219727,
      "mid_to_side_loudness": -9.599164009094238,
      "mid_to_side_loudness_range": 10.764242172241211,
      "side_mean": -26.261587142944336
    },
    {
      "high_freq": 1457.5709228515625,
      "loudness": -21.039199829101562,
      "loudness_range": 14.613875389099121,
      "low_freq": 794.6976318359375,
      "mid_mean": -17.869749069213867,
      "mid_to_side_loudness": -10.385250091552734,
      "mid_to_side_loudness_range": 12.966541290283203,
      "side_mean": -28.43694496154785
    },
    {
      "high_freq": 2549.74365234375,
      "loudness": -21.938230514526367,
      "loudness_range": 12.397552490234375,
      "low_freq": 1457.5709228515625,
      "mid_mean": -18.806316375732422,
      "mid_to_side_loudness": -9.465950012207031,
      "mid_to_side_loudness_range": 10.019997596740723,
      "side_mean": -28.430784225463867
    },
    {
      "high_freq": 4349.24462890625,
      "loudness": -23.91611671447754,
      "loudness_range": 12.627304077148438,
      "low_freq": 2549.74365234375,
      "mid_mean": -20.816360473632812,
      "mid_to_side_loudness": -9.084769248962402,
      "mid_to_side_loudness_range": 9.444416046142578,
      "side_mean": -30.055435180664062
    },
    {
      "high_freq": 7314.1640625,
      "loudness": -27.648784637451172,
      "loudness_range": 14.984106063842773,
      "low_freq": 4349.24462890625,
      "mid_mean": -24.407257080078125,
      "mid_to_side_loudness": -10.63778018951416,
      "mid_to_side_loudness_range": 11.76152229309082,
      "side_mean": -35.25629425048828
    },
    {
      "high_freq": 12199.2666015625,
      "loudness": -31.715269088745117,
      "loudness_range": 16.206195831298828,
      "low_freq": 7314.1640625,
      "mid_mean": -28.230445861816406,
      "mid_to_side_loudness": -13.785592079162598,
      "mid_to_side_loudness_range": 11.750482559204102,
      "side_mean": -42.46805953979492
    },
    {
      "loudness": -43.44093704223633,
      "loudness_range": 19.018306732177734,
      "low_freq": 12199.2666015625,
      "mid_mean": -40.03594970703125,
      "mid_to_side_loudness": -12.688838958740234,
      "mid_to_side_loudness_range": 11.889236450195312,
      "side_mean": -53.2435302734375
    }
  ],
  "channels": 2,
  "covariance": [
    [
      13.38366985321045,
      3.9604787826538086,
      0.9044126272201538,
      1.100420355796814,
      0.11125071346759796,
      1.1995958089828491,
      0.26422396302223206,
      1.6462807655334473,
      1.0316362380981445,
      2.3880841732025146,
      1.2785199880599976,
      2.3940205574035645,
      1.0783601999282837,
      2.437220811843872,
      -0.37943223118782043,
      0.6909680366516113,
      1.058969497680664,
      1.8809601068496704
    ],
    [
      3.9604787826538086,
      10.689475059509277,
      -0.7211401462554932,
      1.1864221096038818,
      -1.176599144935608,
      -0.6975283026695251,
      -0.9009795188903809,
      -1.2056912183761597,
      -1.5867151021957397,
      -2.158491373062134,
      -1.6378170251846313,
      -1.9708409309387207,
      -2.205174207687378,
      -2.2835140228271484,
      -2.447829484939575,
      -2.0236401557922363,
      -2.4925777912139893,
      -0.5766887068748474
    ],
    [
      0.9044126272201538,
      -0.7211401462554932,
      3.9674007892608643,
      1.1284116506576538,
      0.5156074166297913,
      0.6674616932868958,
      -0.2685615122318268,
      0.6200289130210876,
      0.8459066152572632,
      1.7708266973495483,
      1.4495368003845215,
      1.6051512956619263,
      1.8793262243270874,
      2.0058298110961914,
      1.9569423198699951,
      2.097931385040283,
      2.228804111480713,
      2.315647840499878
    ],
    [
      1.100420355796814,
      1.1864221096038818,
      1.1284116506576538,
      3.887491464614868,
      1.165908694267273,
      2.7471399307250977,
      0.6841947436332703,
      3.000781536102295,
      1.2026548385620117,
      2.985419988632202,
      2.089322090148926,
      3.371142864227295,
      1.8859189748764038,
      2.6872599124908447,
      1.556816816329956,
      1.9679980278015137,
      1.9274252653121948,
      2.5380306243896484
    ],
    [
      0.11125071346759796,
      -1.176599144935608,
      0.5156074166297913,
      1.165908694267273,
      8.295042037963867,
      4.9102783203125,
      2.781491279602051,
      3.9427237510681152,
      3.7029690742492676,
      4.355892658233643,
      4.147541046142578,
      4.798487663269043,
      3.6947085857391357,
      3.8052496910095215,
      3.9198179244995117,
      3.1920106410980225,
      3.7339413166046143,
      2.568239212036133
    ],
    [
      1.1995958089828491,
      -0.6975283026695251,
      0.6674616932868958,
      2.7471399307250977,
      4.9102783203125,
      8.856879234313965,
      4.306009292602539,
      9.012327194213867,
      5.182262897491455,
      8.771376609802246,
      5.6155290603637695,
      9.443734169006348,
      5.370480537414551,
      7.472795486450195,
      4.0431036949157715,
      4.711958408355713,
      4.885010719299316,
      4.000871181488037
    ],
    [
      0.26422396302223206,
      -0.9009795188903809,
      -0.2685615122318268,
      0.6841947436332703,
      2.781491279602051,
      4.306009292602539,
      20.504419326782227,
      12.997748374938965,
      11.450514793395996,
      8.776026725769043,
      5.996609687805176,
      7.595822334289551,
      5.96621036529541,
      5.74503231048584,
      3.9213573932647705,
      3.8530476093292236,
      4.912435531616211,
      3.4349398612976074
    ],
    [
      1.6462807655334473,
      -1.2056912183761597,
      0.6200289130210876,
      3.000781536102295,
      3.9427237510681152,
      9.012327194213867,
      12.997748374938965,
      17.45241928100586,
      10.365935325622559,
      14.336243629455566,
      8.747589111328125,
      14.33466625213623,
      8.308101654052734,
      10.999748229980469,
      5.4698662757873535,
      6.647609710693359,
      7.4500932693481445,
      5.72465705871582
    ],
    [
      1.0316362380981445,
      -1.5867151021957397,
      0.8459066152572632,
      1.2026548385620117,
      3.7029690742492676,
      5.182262897491455,
      11.450514793395996,
      10.365935325622559,
      13.08713436126709,
      11.29151439666748,
      8.579320907592773,
      9.891376495361328,
      7.955138206481934,
      7.573016166687012,
      5.799112319946289,
      5.649368762969971,
      6.533696174621582,
      5.0749192237854
    ],
    [
      2.3880841732025146,
      -2.158491373062134,
      1.7708266973495483,
      2.985419988632202,
      4.355892658233643,
      8.771376609802246,
      8.776026725769043,
      14.336243629455566,
      11.29151439666748,
      16.752586364746094,
      10.351410865783691,
      16.05935287475586,
      9.51057243347168,
      12.104486465454102,
      6.594942569732666,
      8.095096588134766,
      8.657038688659668,
      6.963268756866455
    ],
    [
      1.2785199880599976,
      -1.6378170251846313,
      1.4495368003845215,
      2.089322090148926,
      4.147541046142578,
      5.6155290603637695,
      5.996609687805176,
      8.747589111328125,
      8.579320907592773,
      10.351410865783691,
      12.900749206542969,
      12.143373489379883,
      9.945209503173828,
      9.66521167755127,
      7.091405391693115,
      7.566017150878906,
      6.665770530700684,
      5.713660717010498
    ],
    [
      2.3940205574035645,
      -1.9708409309387207,
      1.6051512956619263,
      3.371142864227295,
      4.798487663269043,
      9.443734169006348,
      7.595822334289551,
      14.33466625213623,
      9.891376495361328,
      16.05935287475586,
      12.143373489379883,
      18.4841365814209,
      10.734959602355957,
      14.0863037109375,
      7.232004165649414,
      9.210297584533691,
      8.514695167541504,
      7.1497955322265625
    ],
    [
      1.0783601999282837,
      -2.205174207687378,
      1.8793262243270874,
      1.8859189748764038,
      3.6947085857391357,
      5.370480537414551,
      5.96621036529541,
      8.308101654052734,
      7.955138206481934,
      9.51057243347168,
      9.945209503173828,
      10.734959602355957,
      14.82003402709961,
      12.370745658874512,
      11.03253173828125,
      10.838269233703613,
      10.401518821716309,
      8.150978088378906
    ],
    [
      2.437220811843872,
      -2.2835140228271484,
      2.0058298110961914,
      2.6872599124908447,
      3.8052496910095215,
      7.472795486450195,
      5.74503231048584,
      10.999748229980469,
      7.573016166687012,
      12.104486465454102,
      9.66521167755127,
      14.0863037109375,
      12.370745658874512,
      15.569068908691406,
      8.200986862182617,
      10.658417701721191,
      8.246115684509277,
      7.908247470855713
    ],
    [
      -0.37943223118782043,
      -2.447829484939575,
      1.9569423198699951,
      1.556816816329956,
      3.9198179244995117,
      4.0431036949157715,
      3.9213573932647705,
      5.4698662757873535,
      5.799112319946289,
      6.594942569732666,
      7.091405391693115,
      7.232004165649414,
      11.03253173828125,
      8.200986862182617,
      15.783902168273926,
      10.517681121826172,
      14.192614555358887,
      8.464691162109375
    ],
    [
      0.6909680366516113,
      -2.0236401557922363,
      2.097931385040283,
      1.9679980278015137,
      3.1920106410980225,
      4.711958408355713,
      3.8530476093292236,
      6.647609710693359,
      5.649368762969971,
      8.095096588134766,
      7.566017150878906,
      9.210297584533691,
      10.838269233703613,
      10.658417701721191,
      10.517681121826172,
      11.790218353271484,
      10.059953689575195,
      9.480083465576172
    ],
    [
      1.058969497680664,
      -2.4925777912139893,
      2.228804111480713,
      1.9274252653121948,
      3.7339413166046143,
      4.885010719299316,
      4.912435531616211,
      7.4500932693481445,
      6.533696174621582,
      8.657038688659668,
      6.665770530700684,
      8.514695167541504,
      10.401518821716309,
      8.246115684509277,
      14.192614555358887,
      10.059953689575195,
      17.708101272583008,
      10.76545524597168
    ],
    [
      1.8809601068496704,
      -0.5766887068748474,
      2.315647840499878,
      2.5380306243896484,
      2.568239212036133,
      4.000871181488037,
      3.4349398612976074,
      5.72465705871582,
      5.0749192237854,
      6.963268756866455,
      5.713660717010498,
      7.1497955322265625,
      8.150978088378906,
      7.908247470855713,
      8.464691162109375,
      9.480083465576172,
      10.76545524597168,
      16.520755767822266
    ]
  ],
  "covariance_short": [
    [
      29.47673988342285,
      10.376648902893066,
      5.818973541259766,
      0.2767232060432434,
      0.3058731257915497,
      -0.4406301975250244,
      -0.9161840081214905,
      -1.339905023574829,
      -0.800681471824646,
      -0.8166045546531677,
      0.16376906633377075,
      -0.3082248568534851,
      0.9794530272483826,
      0.3610767126083374,
      -0.1877305656671524,
      1.0554707050323486,
      1.75197434425354,
      3.7397475242614746
    ],
    [
      10.376648902893066,
      28.84772491455078,
      1.0747756958007812,
      1.1328415870666504,
      -2.299464464187622,
      -2.112236499786377,
      -2.392172336578369,
      -3.8814332485198975,
      -3.6990768909454346,
      -5.030895709991455,
      -3.1025469303131104,
      -4.513726234436035,
      -2.6209917068481445,
      -3.4437694549560547,
      -3.3930115699768066,
      -2.7001211643218994,
      -3.8345863819122314,
      -0.7078060507774353
    ],
    [
      5.818973541259766,
      1.0747756958007812,
      9.7992582321167,
      1.5636565685272217,
      1.9314844608306885,
      0.5419968366622925,
      1.3116084337234497,
      1.1767401695251465,
      2.3692243099212646,
      2.4232516288757324,
      3.245004415512085,
      2.4313814640045166,
      4.408129692077637,
      2.7096686363220215,
      4.651069641113281,
      4.097806453704834,
      6.412679672241211,
      6.285829544067383
    ],
    [
      0.2767232060432434,
      1.1328415870666504,
      1.5636565685272217,
      7.418159484863281,
      1.3957983255386353,
      2.62650990486145,
      0.9294580817222595,
      3.0961360931396484,
      1.7616759538650513,
      3.4461147785186768,
      2.9803123474121094,
      4.018193244934082,
      3.015301465988159,
      3.305081844329834,
      2.496959686279297,
      3.1539113521575928,
      3.3873982429504395,
      4.251084804534912
    ],
    [
      0.3058731257915497,
      -2.299464464187622,
      1.9314844608306885,
      1.3957983255386353,
      12.502137184143066,
      4.6177659034729,
      3.447294235229492,
      3.584143877029419,
      5.140816688537598,
      4.648930549621582,
      7.242835521697998,
      5.611842155456543,
      7.17317533493042,
      4.56439208984375,
      6.570261478424072,
      5.3552961349487305,
      5.85352087020874,
      5.430858135223389
    ],
    [
      -0.4406301975250244,
      -2.112236499786377,
      0.5419968366622925,
      2.62650990486145,
      4.6177659034729,
      10.619911193847656,
      3.9946203231811523,
      8.476678848266602,
      5.119892120361328,
      8.58761978149414,
      6.22835636138916,
      9.613646507263184,
      5.6205058097839355,
      7.438983917236328,
      3.4580342769622803,
      5.2119293212890625,
      4.560067176818848,
      4.911275386810303
    ],
    [
      -0.9161840081214905,
      -2.392172336578369,
      1.3116084337234497,
      0.9294580817222595,
      3.447294235229492,
      3.9946203231811523,
      27.125045776367188,
      13.54500675201416,
      16.098464965820312,
      10.392464637756348,
      10.673233032226562,
      9.687430381774902,
      11.2964448928833,
      7.135373592376709,
      8.112373352050781,
      6.695461750030518,
      8.600998878479004,
      7.058346748352051
    ],
    [
      -1.339905023574829,
      -3.8814332485198975,
      1.1767401695251465,
      3.0961360931396484,
      3.584143877029419,
      8.476678848266602,
      13.54500675201416,
      19.912660598754883,
      11.925987243652344,
      15.759157180786133,
      11.29358959197998,
      16.141815185546875,
      10.15445613861084,
      11.8462553024292,
      6.182124614715576,
      8.3089017868042,
      8.842405319213867,
      8.132142066955566
    ],
    [
      -0.800681471824646,
      -3.6990768909454346,
      2.3692243099212646,
      1.7616759538650513,
      5.140816688537598,
      5.119892120361328,
      16.098464965820312,
      11.925987243652344,
      20.607425689697266,
      14.381471633911133,
      14.516764640808105,
      13.188323974609375,
      14.464180946350098,
      9.944123268127441,
      10.920555114746094,
      9.741293907165527,
      11.63656997680664,
      10.102189064025879
    ],
    [
      -0.8166045546531677,
      -5.030895709991455,
      2.4232516288757324,
      3.4461147785186768,
      4.648930549621582,
      8.58761978149414,
      10.392464637756348,
      15.759157180786133,
      14.381471633911133,
      20.764057159423828,
      14.088376998901367,
      19.173002243041992,
      12.832488059997559,
      14.055392265319824,
      8.511160850524902,
      10.937801361083984,
      11.288620948791504,
      10.90689754486084
    ],
    [
      0.16376906633377075,
      -3.1025469303131104,
      3.245004415512085,
      2.9803123474121094,
      7.242835521697998,
      6.22835636138916,
      10.673233032226562,
      11.29358959197998,
      14.516764640808105,
      14.088376998901367,
      22.756433486938477,
      17.335067749023438,
      19.659265518188477,
      13.647845268249512,
      14.45057487487793,
      13.879157066345215,
      13.82927131652832,
      13.752690315246582
    ],
    [
      -0.3082248568534851,
      -4.513726234436035,
      2.4313814640045166,
      4.018193244934082,
      5.611842155456543,
      9.613646507263184,
      9.687430381774902,
      16.141815185546875,
      13.188323974609375,
      19.173002243041992,
      17.335067749023438,
      23.6595516204834,
      15.727432250976562,
      17.168323516845703,
      10.422213554382324,
      13.663671493530273,
      12.604002952575684,
      13.316000938415527
    ],
    [
      0.9794530272483826,
      -2.6209917068481445,
      4.408129692077637,
      3.015301465988159,
      7.17317533493042,
      5.6205058097839355,
      11.2964448928833,
      10.15445613861084,
      14.464180946350098,
      12.832488059997559,
      19.659265518188477,
      15.727432250976562,
      33.84815216064453,
      18.987712860107422,
      26.3267879486084,
      23.539688110351562,
      25.53924560546875,
      24.828691482543945
    ],
    [
      0.3610767126083374,
      -3.4437694549560547,
      2.7096686363220215,
      3.305081844329834,
      4.56439208984375,
      7.438983917236328,
      7.135373592376709,
      11.8462553024292,
      9.944123268127441,
      14.055392265319824,
      13.647845268249512,
      17.168323516845703,
      18.987712860107422,
      19.513486862182617,
      13.208683013916016,
      16.60945701599121,
      13.714753150939941,
      15.805949211120605
    ],
    [
      -0.1877305656671524,
      -3.3930115699768066,
      4.651069641113281,
      2.496959686279297,
      6.570261478424072,
      3.4580342769622803,
      8.112373352050781,
      6.182124614715576,
      10.920555114746094,
      8.511160850524902,
      14.45057487487793,
      10.422213554382324,
      26.3267879486084,
      13.208683013916016,
      37.22262954711914,
      23.54088592529297,
      33.7764778137207,
      25.689071655273438
    ],
    [
      1.0554707050323486,
      -2.7001211643218994,
      4.097806453704834,
      3.1539113521575928,
      5.3552961349487305,
      5.2119293212890625,
      6.695461750030518,
      8.3089017868042,
      9.741293907165527,
      10.937801361083984,
      13.879157066345215,
      13.663671493530273,
      23.539688110351562,
      16.60945701599121,
      23.54088592529297,
      25.844411849975586,
      24.198753356933594,
      27.33868980407715
    ],
    [
      1.75197434425354,
      -3.8345863819122314,
      6.412679672241211,
      3.3873982429504395,
      5.85352087020874,
      4.560067176818848,
      8.600998878479004,
      8.842405319213867,
      11.63656997680664,
      11.288620948791504,
      13.82927131652832,
      12.604002952575684,
      25.53924560546875,
      13.714753150939941,
      33.7764778137207,
      24.198753356933594,
      43.860389709472656,
      32.759986877441406
    ],
    [
      3.7397475242614746,
      -0.7078060507774353,
      6.285829544067383,
      4.251084804534912,
      5.430858135223389,
      4.911275386810303,
      7.058346748352051,
      8.132142066955566,
      10.102189064025879,
      10.90689754486084,
      13.752690315246582,
      13.316000938415527,
      24.828691482543945,
      15.805949211120605,
      25.689071655273438,
      27.33868980407715,
      32.759986877441406,
      41.223873138427734
    ]
  ],
  "drr": 15.432496070861816,
  "dynamics": 1.6581603288650513,
  "format": 1245190,
  "frames": 12931072,
  "loudness": -8.39339542388916,
  "loudness_range": 3.81160306930542,
  "loudness_range_short": 5.380070686340332,
  "peak": -0.26783424615859985,
  "rms": -11.113194465637207,
  "sample_rate": 44100,
  "sections": 1,
  "seekable": 1,
  "sharpness": 1.6507487297058105,
  "space": -11.659891128540039
}