{
  "bands": [
    {
      "high_freq": 148.1999969482422,
      "loudness": -54.55900573730469,
      "loudness_range": 26.349781036376953,
      "mid_mean": -52.53929901123047,
      "mid_to_side_loudness": -4.097418308258057,
      "mid_to_side_loudness_range": 9.664142608642578,
      "side_mean": -56.17078399658203
    },
    {
      "high_freq": 392.3793640136719,
      "loudness": -41.660072326660156,
      "loudness_range": 21.376718521118164,
      "low_freq": 148.1999969482422,
      "mid_mean": -39.97903823852539,
      "mid_to_side_loudness": -3.135868787765503,
      "mid_to_side_loudness_range": 8.439239501953125,
      "side_mean": -43.255088806152344
    },
    {
      "high_freq": 794.6976318359375,
      "loudness": -40.90251159667969,
      "loudness_range": 18.731311798095703,
      "low_freq": 392.3793640136719,
      "mid_mean": -39.54834747314453,
      "mid_to_side_loudness": -2.1019740104675293,
      "mid_to_side_loudness_range": 8.8120698928833,
      "side_mean": -41.74203109741211
    },
    {
      "high_freq": 1457.5709228515625,
      "loudness": -47.33890914916992,
      "loudness_range": 24.055755615234375,
      "low_freq": 794.6976318359375,
      "mid_mean": -45.71478271484375,
      "mid_to_side_loudness": -2.672517776489258,
      "mid_to_side_loudness_range": 7.530865669250488,
      "side_mean": -48.509117126464844
    },
    {
      "high_freq": 2549.74365234375,
      "loudness": -51.90037536621094,
      "loudness_range": 25.15341567993164,
      "low_freq": 1457.5709228515625,
      "mid_mean": -51.53131866455078,
      "mid_to_side_loudness": -3.1166043281555176,
      "mid_to_side_loudness_range": 7.09976863861084,
      "side_mean": -54.27779006958008
    },
    {
      "high_freq": 4349.24462890625,
      "loudness": -60.831764221191406,
      "loudness_range": 23.75003433227539,
      "low_freq": 2549.74365234375,
      "mid_mean": -59.42316818237305,
      "mid_to_side_loudness": -3.3485748767852783,
      "mid_to_side_loudness_range": 4.7668280601501465,
      "side_mean": -61.94525146484375
    },
    {
      "high_freq": 7314.1640625,
      "loudness": -71.14490509033203,
      "loudness_range": 24.29269027709961,
      "low_freq": 4349.24462890625,
      "mid_mean": -65.6781005859375,
      "mid_to_side_loudness": -3.7322030067443848,
      "mid_to_side_loudness_range": 4.752969741821289,
      "side_mean": -67.41149139404297
    },
    {
      "high_freq": 12199.2666015625,
      "loudness": -76.48248291015625,
      "loudness_range": 20.442302703857422,
      "low_freq": 7314.1640625,
      "mid_mean": -68.47075653076172,
      "mid_to_side_loudness": -3.325141429901123,
      "mid_to_side_loudness_range": 3.956700325012207,
      "side_mean": -69.1771011352539
    },
    {
      "loudness": -80.60587310791016,
      "loudness_range": 17.107681274414062,
      "low_freq": 12199.2666015625,
      "mid_mean": -69.48431396484375,
      "mid_to_side_loudness": -3.020565986633301,
      "mid_to_side_loudness_range": 2.977611541748047,
      "side_mean": -69.7358169555664
    }
  ],
  "bands_short": [
    {
      "high_freq": 148.1999969482422,
      "loudness": -57.39029312133789,
      "loudness_range": 27.180065155029297,
      "mid_mean": -55.411991119384766,
      "mid_to_side_loudness": -3.973773241043091,
      "mid_to_side_loudness_range": 15.27348518371582,
      "side_mean": -58.62923812866211
    },
    {
      "high_freq": 392.3793640136719,
      "loudness": -42.51076126098633,
      "loudness_range": 21.52493667602539,
      "low_freq": 148.1999969482422,
      "mid_mean": -41.00962829589844,
      "mid_to_side_loudness": -3.214717149734497,
      "mid_to_side_loudness_range": 11.032550811767578,
      "side_mean": -44.510311126708984
    },
    {
      "high_freq": 794.6976318359375,
      "loudness": -40.1461296081543,
      "loudness_range": 19.130672454833984,
      "low_freq": 392.3793640136719,
      "mid_mean": -38.8669319152832,
      "mid_to_side_loudness": -2.23545241355896,
      "mid_to_side_loudness_range": 11.399038314819336,
      "side_mean": -41.190467834472656
    },
    {
      "high_freq": 1457.5709228515625,
      "loudness": -46.962406158447266,
      "loudness_range": 23.647682189941406,
      "low_freq": 794.6976318359375,
      "mid_mean": -45.52973937988281,
      "mid_to_side_loudness": -2.7485148906707764,
      "mid_to_side_loudness_range": 12.02707290649414,
      "side_mean": -48.43183898925781
    },
    {
      "high_freq": 2549.74365234375,
      "loudness": -52.040733337402344,
      "loudness_range": 24.97606658935547,
      "low_freq": 1457.5709228515625,
      "mid_mean": -51.89815902709961,
      "mid_to_side_loudness": -3.1341392993927,
      "mid_to_side_loudness_range": 10.671003341674805,
      "side_mean": -54.64658737182617
    },
    {
      "high_freq": 4349.24462890625,
      "loudness": -61.12274169921875,
      "loudness_range": 24.112220764160156,
      "low_freq": 2549.74365234375,
      "mid_mean": -59.64652633666992,
      "mid_to_side_loudness": -3.2890560626983643,
      "mid_to_side_loudness_range": 7.341193199157715,
      "side_mean": -62.11750411987305
    },
    {
      "high_freq": 7314.1640625,
      "loudness": -71.19837951660156,
      "loudness_range": 24.466175079345703,
      "low_freq": 4349.24462890625,
      "mid_mean": -65.7278823852539,
      "mid_to_side_loudness": -3.69221568107605,
      "mid_to_side_loudness_range": 5.997246742248535,
      "side_mean": -67.43769073486328
    },
    {
      "high_freq": 12199.2666015625,
      "loudness": -76.51866912841797,
      "loudness_range": 20.208099365234375,
      "low_freq": 7314.1640625,
      "mid_mean": -68.48981475830078,
      "mid_to_side_loudness": -3.2762339115142822,
      "mid_to_side_loudness_range": 4.577898025512695,
      "side_mean": -69.18522644042969
    },
    {
      "loudness": -80.49636840820312,
      "loudness_range": 17.009117126464844,
      "low_freq": 12199.2666015625,
      "mid_mean": -69.48870086669922,
      "mid_to_side_loudness": -2.9832422733306885,
      "mid_to_side_loudness_range": 3.8306946754455566,
      "side_mean": -69.73726654052734
    }
  ],
  "channels": 2,
  "covariance": [
    [
      74.79559326171875,
      67.57222747802734,
      37.09549331665039,
      38.03196716308594,
      23.397192001342773,
      21.503639221191406,
      21.992380142211914,
      22.85811424255371,
      36.43613052368164,
      34.72277069091797,
      30.281103134155273,
      25.23381996154785,
      21.774158477783203,
      15.424274444580078,
      11.256601333618164,
      7.100785732269287,
      4.881453037261963,
      2.6125028133392334
    ],
    [
      67.57222747802734,
      70.47850036621094,
      32.859580993652344,
      34.283592224121094,
      21.40700340270996,
      19.54067611694336,
      20.614166259765625,
      20.86555290222168,
      32.05606460571289,
      31.01984214782715,
      27.13871192932129,
      22.755821228027344,
      20.499675750732422,
      14.79726505279541,
      10.938251495361328,
      7.000694751739502,
      4.801797389984131,
      2.6028707027435303
    ],
    [
      37.09549331665039,
      32.859580993652344,
      59.96504592895508,
      53.38890838623047,
      27.798269271850586,
      28.269811630249023,
      27.72784996032715,
      27.7821044921875,
      25.885568618774414,
      25.458757400512695,
      30.420066833496094,
      25.810441970825195,
      24.116682052612305,
      16.894384384155273,
      12.564826965332031,
      7.686337947845459,
      5.0493292808532715,
      2.6480185985565186
    ],
    [
      38.03196716308594,
      34.283592224121094,
      53.38890838623047,
      59.319862365722656,
      28.67909049987793,
      28.558805465698242,
      26.972930908203125,
      26.908811569213867,
      25.34220314025879,
      25.868635177612305,
      28.98993492126465,
      24.786373138427734,
      23.201927185058594,
      16.315937042236328,
      12.149982452392578,
      7.517935276031494,
      4.917088508605957,
      2.61501407623291
    ],
    [
      23.397192001342773,
      21.40700340270996,
      27.798269271850586,
      28.67909049987793,
      45.752315521240234,
      40.40748596191406,
      25.783599853515625,
      27.040721893310547,
      29.265296936035156,
      27.701330184936523,
      26.368364334106445,
      23.31064224243164,
      20.64436149597168,
      15.280753135681152,
      11.027503967285156,
      7.048768043518066,
      4.764951705932617,
      2.6225311756134033
    ],
    [
      21.503639221191406,
      19.54067611694336,
      28.269811630249023,
      28.558805465698242,
      40.40748596191406,
      45.926246643066406,
      27.019533157348633,
      28.167400360107422,
      27.57196617126465,
      26.194185256958008,
      25.356489181518555,
      22.634689331054688,
      19.823829650878906,
      14.682796478271484,
      10.5650053024292,
      6.707254409790039,
      4.461108207702637,
      2.4413182735443115
    ],
    [
      21.992380142211914,
      20.614166259765625,
      27.72784996032715,
      26.972930908203125,
      25.783599853515625,
      27.019533157348633,
      65.08917236328125,
      60.51814270019531,
      49.00929641723633,
      49.17745590209961,
      48.515628814697266,
      43.415252685546875,
      28.858518600463867,
      20.78771209716797,
      14.529911041259766,
      8.944961547851562,
      5.918099403381348,
      3.178236961364746
    ],
    [
      22.85811424255371,
      20.86555290222168,
      27.7821044921875,
      26.908811569213867,
      27.040721893310547,
      28.167400360107422,
      60.51814270019531,
      65.18698120117188,
      50.91035461425781,
      50.462318420410156,
      49.407752990722656,
      44.21669387817383,
      28.75470542907715,
      20.666595458984375,
      14.313617706298828,
      8.865334510803223,
      5.892850399017334,
      3.1872425079345703
    ],
    [
      36.43613052368164,
      32.05606460571289,
      25.885568618774414,
      25.34220314025879,
      29.265296936035156,
      27.57196617126465,
      49.00929641723633,
      50.91035461425781,
      84.30307006835938,
      77.52467346191406,
      56.5147705078125,
      47.898033142089844,
      29.425731658935547,
      20.331281661987305,
      13.25932788848877,
      8.162841796875,
      5.429135799407959,
      2.96151065826416
    ],
    [
      34.72277069091797,
      31.01984214782715,
      25.458757400512695,
      25.868635177612305,
      27.701330184936523,
      26.194185256958008,
      49.17745590209961,
      50.462318420410156,
      77.52467346191406,
      76.86348724365234,
      54.18255615234375,
      46.45580291748047,
      28.973655700683594,
      20.314043045043945,
      13.272078514099121,
      8.235638618469238,
      5.44610071182251,
      2.9872992038726807
    ],
    [
      30.281103134155273,
      27.13871192932129,
      30.420066833496094,
      28.98993492126465,
      26.368364334106445,
      25.356489181518555,
      48.515628814697266,
      49.407752990722656,
      56.5147705078125,
      54.18255615234375,
      56.81089401245117,
      48.5439338684082,
      32.82506561279297,
      22.711145401000977,
      15.431636810302734,
      9.38673210144043,
      6.152315616607666,
      3.301945686340332
    ],
    [
      25.23381996154785,
      22.755821228027344,
      25.810441970825195,
      24.786373138427734,
      23.31064224243164,
      22.634689331054688,
      43.415252685546875,
      44.21669387817383,
      47.898033142089844,
      46.45580291748047,
      48.5439338684082,
      43.422393798828125,
      28.990137100219727,
      20.41196060180664,
      13.975369453430176,
      8.614874839782715,
      5.693521022796631,
      3.076038122177124
    ],
    [
      21.774158477783203,
      20.499675750732422,
      24.116682052612305,
      23.201927185058594,
      20.64436149597168,
      19.823829650878906,
      28.858518600463867,
      28.75470542907715,
      29.425731658935547,
      28.973655700683594,
      32.82506561279297,
      28.990137100219727,
      25.044036865234375,
      17.978595733642578,
      12.985769271850586,
      8.153315544128418,
      5.400150775909424,
      2.9505348205566406
    ],
    [
      15.424274444580078,
      14.79726505279541,
      16.894384384155273,
      16.315937042236328,
      15.280753135681152,
      14.682796478271484,
      20.78771209716797,
      20.666595458984375,
      20.331281661987305,
      20.314043045043945,
      22.711145401000977,
      20.41196060180664,
      17.978595733642578,
      13.502429962158203,
      9.894420623779297,
      6.383852958679199,
      4.30435848236084,
      2.391106128692627
    ],
    [
      11.256601333618164,
      10.938251495361328,
      12.564826965332031,
      12.149982452392578,
      11.027503967285156,
      10.5650053024292,
      14.529911041259766,
      14.313617706298828,
      13.25932788848877,
      13.272078514099121,
      15.431636810302734,
      13.975369453430176,
      12.985769271850586,
      9.894420623779297,
      7.900712966918945,
      5.197062015533447,
      3.535508632659912,
      1.9773837327957153
    ],
    [
      7.100785732269287,
      7.000694751739502,
      7.686337947845459,
      7.517935276031494,
      7.048768043518066,
      6.707254409790039,
      8.944961547851562,
      8.865334510803223,
      8.162841796875,
      8.235638618469238,
      9.38673210144043,
      8.614874839782715,
      8.153315544128418,
      6.383852958679199,
      5.197062015533447,
      3.566255569458008,
      2.455134868621826,
      1.396771788597107
    ],
    [
      4.881453037261963,
      4.801797389984131,
      5.0493292808532715,
      4.917088508605957,
      4.764951705932617,
      4.461108207702637,
      5.918099403381348,
      5.892850399017334,
      5.429135799407959,
      5.44610071182251,
      6.152315616607666,
      5.693521022796631,
      5.400150775909424,
      4.30435848236084,
      3.535508632659912,
      2.455134868621826,
      1.804305911064148,
      1.0458569526672363
    ],
    [
      2.6125028133392334,
      2.6028707027435303,
      2.6480185985565186,
      2.61501407623291,
      2.6225311756134033,
      2.4413182735443115,
      3.178236961364746,
      3.1872425079345703,
      2.96151065826416,
      2.9872992038726807,
      3.301945686340332,
      3.076038122177124,
      2.9505348205566406,
      2.391106128692627,
      1.9773837327957153,
      1.396771788597107,
      1.0458569526672363,
      0.6228967905044556
    ]
  ],
  "covariance_short": [
    [
      76.19795227050781,
      63.51053237915039,
      34.014259338378906,
      35.20640182495117,
      21.010303497314453,
      20.811037063598633,
      19.91854476928711,
      20.355106353759766,
      31.245634078979492,
      29.781475067138672,
      27.187097549438477,
      22.443864822387695,
      19.63982391357422,
      13.866116523742676,
      9.872049331665039,
      6.1930460929870605,
      4.366215229034424,
      2.359398365020752
    ],
    [
      63.51053237915039,
      71.40233612060547,
      29.7530574798584,
      31.61906623840332,
      19.891883850097656,
      19.6248779296875,
      18.84864044189453,
      18.780921936035156,
      27.62961769104004,
      26.846534729003906,
      24.284347534179688,
      20.27944564819336,
      18.60109519958496,
      13.493939399719238,
      9.746146202087402,
      6.215490341186523,
      4.369933128356934,
      2.3892629146575928
    ],
    [
      34.014259338378906,
      29.7530574798584,
      62.60094451904297,
      53.28511428833008,
      30.03855323791504,
      29.67449188232422,
      29.189435958862305,
      28.882802963256836,
      27.68032455444336,
      26.98590087890625,
      31.845794677734375,
      27.079303741455078,
      24.50429344177246,
      17.205249786376953,
      12.722411155700684,
      7.7780327796936035,
      5.1537017822265625,
      2.711273431777954
    ],
    [
      35.20640182495117,
      31.61906623840332,
      53.28511428833008,
      63.82712173461914,
      31.00661849975586,
      31.026504516601562,
      27.026897430419922,
      26.655677795410156,
      27.270475387573242,
      27.544803619384766,
      30.284257888793945,
      25.830352783203125,
      23.48792266845703,
      16.450820922851562,
      12.207919120788574,
      7.547734260559082,
      4.974225044250488,
      2.66422963142395
    ],
    [
      21.010303497314453,
      19.891883850097656,
      30.03855323791504,
      31.00661849975586,
      46.653282165527344,
      38.32624816894531,
      24.703805923461914,
      24.241397857666016,
      25.45397186279297,
      24.80767250061035,
      25.037141799926758,
      22.315614700317383,
      20.314830780029297,
      15.024567604064941,
      10.906064987182617,
      6.992800235748291,
      4.736402988433838,
      2.6088757514953613
    ],
    [
      20.811037063598633,
      19.6248779296875,
      29.67449188232422,
      31.026504516601562,
      38.32624816894531,
      47.457576751708984,
      25.874435424804688,
      25.296648025512695,
      24.318740844726562,
      23.518281936645508,
      23.730493545532227,
      21.307764053344727,
      19.44308090209961,
      14.412184715270996,
      10.448514938354492,
      6.65529203414917,
      4.439965724945068,
      2.4367780685424805
    ],
    [
      19.91854476928711,
      18.84864044189453,
      29.189435958862305,
      27.026897430419922,
      24.703805923461914,
      25.874435424804688,
      65.35154724121094,
      55.79998779296875,
      49.02104949951172,
      47.62186813354492,
      45.912498474121094,
      40.77460861206055,
      27.506969451904297,
      19.845767974853516,
      13.78882122039795,
      8.48066234588623,
      5.613277435302734,
      3.026740074157715
    ],
    [
      20.355106353759766,
      18.780921936035156,
      28.882802963256836,
      26.655677795410156,
      24.241397857666016,
      25.296648025512695,
      55.79998779296875,
      65.0788803100586,
      50.92864227294922,
      49.37629318237305,
      47.10615921020508,
      41.890804290771484,
      27.380563735961914,
      19.700658798217773,
      13.534040451049805,
      8.387162208557129,
      5.578341484069824,
      3.030719041824341
    ],
    [
      31.245634078979492,
      27.62961769104004,
      27.68032455444336,
      27.270475387573242,
      25.45397186279297,
      24.318740844726562,
      49.02104949951172,
      50.92864227294922,
      86.29896545410156,
      76.09358215332031,
      55.612430572509766,
      47.3763542175293,
      29.34562110900879,
      20.279766082763672,
      13.209432601928711,
      8.100250244140625,
      5.4010210037231445,
      2.9500575065612793
    ],
    [
      29.781475067138672,
      26.846534729003906,
      26.98590087890625,
      27.544803619384766,
      24.80767250061035,
      23.518281936645508,
      47.62186813354492,
      49.37629318237305,
      76.09358215332031,
      78.02239227294922,
      52.778804779052734,
      45.41670227050781,
      28.647857666015625,
      20.095701217651367,
      13.093015670776367,
      8.105666160583496,
      5.3689985275268555,
      2.955409049987793
    ],
    [
      27.187097549438477,
      24.284347534179688,
      31.845794677734375,
      30.284257888793945,
      25.037141799926758,
      23.730493545532227,
      45.912498474121094,
      47.10615921020508,
      55.612430572509766,
      52.778804779052734,
      57.34300994873047,
      47.61022186279297,
      32.61484146118164,
      22.555397033691406,
      15.325777053833008,
      9.317947387695312,
      6.106783390045166,
      3.2897260189056396
    ],
    [
      22.443864822387695,
      20.27944564819336,
      27.079303741455078,
      25.830352783203125,
      22.315614700317383,
      21.307764053344727,
      40.77460861206055,
      41.890804290771484,
      47.3763542175293,
      45.41670227050781,
      47.61022186279297,
      43.634822845458984,
      28.653684616088867,
      20.17963981628418,
      13.800220489501953,
      8.501224517822266,
      5.615664482116699,
      3.047114372253418
    ],
    [
      19.63982391357422,
      18.60109519958496,
      24.50429344177246,
      23.48792266845703,
      20.314830780029297,
      19.44308090209961,
      27.506969451904297,
      27.380563735961914,
      29.34562110900879,
      28.647857666015625,
      32.61484146118164,
      28.653684616088867,
      25.329710006713867,
      17.914371490478516,
      12.87794017791748,
      8.080548286437988,
      5.360537528991699,
      2.9436519145965576
    ],
    [
      13.866116523742676,
      13.493939399719238,
      17.205249786376953,
      16.450820922851562,
      15.024567604064941,
      14.412184715270996,
      19.845767974853516,
      19.700658798217773,
      20.279766082763672,
      20.095701217651367,
      22.555397033691406,
      20.17963981628418,
      17.914371490478516,
      13.585713386535645,
      9.763726234436035,
      6.297905921936035,
      4.252493381500244,
      2.3750202655792236
    ],
    [
      9.872049331665039,
      9.746146202087402,
      12.722411155700684,
      12.207919120788574,
      10.906064987182617,
      10.448514938354492,
      13.78882122039795,
      13.534040451049805,
      13.209432601928711,
      13.093015670776367,
      15.325777053833008,
      13.800220489501953,
      12.87794017791748,
      9.763726234436035,
      7.881187438964844,
      5.14586877822876,
      3.502925157546997,
      1.9708921909332275
    ],
    [
      6.1930460929870605,
      6.215490341186523,
      7.7780327796936035,
      7.547734260559082,
      6.992800235748291,
      6.65529203414917,
      8.48066234588623,
      8.387162208557129,
      8.100250244140625,
      8.105666160583496,
      9.317947387695312,
      8.501224517822266,
      8.080548286437988,
      6.297905921936035,
      5.14586877822876,
      3.551659345626831,
      2.430126667022705,
      1.393185019493103
    ],
    [
      4.366215229034424,
      4.369933128356934,
      5.1537017822265625,
      4.974225044250488,
      4.736402988433838,
      4.439965724945068,
      5.613277435302734,
      5.578341484069824,
      5.4010210037231445,
      5.3689985275268555,
      6.106783390045166,
      5.615664482116699,
      5.360537528991699,
      4.252493381500244,
      3.502925157546997,
      2.430126667022705,
      1.8094030618667603,
      1.0532855987548828
    ],
    [
      2.359398365020752,
      2.3892629146575928,
      2.711273431777954,
      2.66422963142395,
      2.6088757514953613,
      2.4367780685424805,
      3.026740074157715,
      3.030719041824341,
      2.9500575065612793,
      2.955409049987793,
      3.2897260189056396,
      3.047114372253418,
      2.9436519145965576,
      2.3750202655792236,
      1.9708921909332275,
      1.393185019493103,
      1.0532855987548828,
      0.6372042298316956
    ]
  ],
  "drr": 10.469202995300293,
  "dynamics": 5.251652240753174,
  "format": 1245190,
  "frames": 18688000,
  "loudness": -32.30965805053711,
  "loudness_range": 17.824779510498047,
  "loudness_range_short": 17.748687744140625,
  "peak": -6.697499752044678,
  "rms": -31.05185317993164,
  "sample_rate": 44100,
  "sections": 1,
  "seekable": 1,
  "sharpness": 1.2377361059188843,
  "space": -2.759878158569336
}