{
  "bands": [
    {
      "high_freq": 148.1999969482422,
      "loudness": -32.690887451171875,
      "loudness_range": 9.91621208190918,
      "mid_mean": -29.018768310546875,
      "mid_to_side_loudness": -23.468524932861328,
      "mid_to_side_loudness_range": 7.175876617431641,
      "side_mean": -52.43994140625
    },
    {
      "high_freq": 392.3793640136719,
      "loudness": -33.40891647338867,
      "loudness_range": 7.442514419555664,
      "low_freq": 148.1999969482422,
      "mid_mean": -29.966224670410156,
      "mid_to_side_loudness": -18.13002586364746,
      "mid_to_side_loudness_range": 19.611804962158203,
      "side_mean": -48.02687454223633
    },
    {
      "high_freq": 794.6976318359375,
      "loudness": -28.975975036621094,
      "loudness_range": 7.646886825561523,
      "low_freq": 392.3793640136719,
      "mid_mean": -25.58312225341797,
      "mid_to_side_loudness": -19.162595748901367,
      "mid_to_side_loudness_range": 25.198511123657227,
      "side_mean": -44.67241668701172
    },
    {
      "high_freq": 1457.5709228515625,
      "loudness": -31.934234619140625,
      "loudness_range": 14.28872299194336,
      "low_freq": 794.6976318359375,
      "mid_mean": -28.732988357543945,
      "mid_to_side_loudness": -17.938987731933594,
      "mid_to_side_loudness_range": 27.85980796813965,
      "side_mean": -46.52933120727539
    },
    {
      "high_freq": 2549.74365234375,
      "loudness": -33.327781677246094,
      "loudness_range": 15.295379638671875,
      "low_freq": 1457.5709228515625,
      "mid_mean": -29.805387496948242,
      "mid_to_side_loudness": -19.035037994384766,
      "mid_to_side_loudness_range": 19.574264526367188,
      "side_mean": -48.742122650146484
    },
    {
      "high_freq": 4349.24462890625,
      "loudness": -38.623653411865234,
      "loudness_range": 15.655797958374023,
      "low_freq": 2549.74365234375,
      "mid_mean": -35.1928825378418,
      "mid_to_side_loudness": -14.025327682495117,
      "mid_to_side_loudness_range": 14.34170150756836,
      "side_mean": -49.151649475097656
    },
    {
      "high_freq": 7314.1640625,
      "loudness": -40.31642532348633,
      "loudness_range": 8.09627914428711,
      "low_freq": 4349.24462890625,
      "mid_mean": -37.13508987426758,
      "mid_to_side_loudness": -9.209097862243652,
      "mid_to_side_loudness_range": 4.340581893920898,
      "side_mean": -46.320960998535156
    },
    {
      "high_freq": 12199.2666015625,
      "loudness": -41.845584869384766,
      "loudness_range": 9.342529296875,
      "low_freq": 7314.1640625,
      "mid_mean": -38.45013427734375,
      "mid_to_side_loudness": -11.40456485748291,
      "mid_to_side_loudness_range": 2.9852428436279297,
      "side_mean": -49.79689407348633
    },
    {
      "loudness": -48.85286331176758,
      "loudness_range": 12.680301666259766,
      "low_freq": 12199.2666015625,
      "mid_mean": -45.59017562866211,
      "mid_to_side_loudness": -10.248088836669922,
      "mid_to_side_loudness_range": 3.7012076377868652,
      "side_mean": -55.62093734741211
    }
  ],
  "bands_short": [
    {
      "high_freq": 148.1999969482422,
      "loudness": -37.22538757324219,
      "loudness_range": 19.262605667114258,
      "mid_mean": -33.525848388671875,
      "mid_to_side_loudness": -22.932884216308594,
      "mid_to_side_loudness_range": 12.795086860656738,
      "side_mean": -56.43363952636719
    },
    {
      "high_freq": 392.3793640136719,
      "loudness": -33.4406852722168,
      "loudness_range": 11.842878341674805,
      "low_freq": 148.1999969482422,
      "mid_mean": -29.991300582885742,
      "mid_to_side_loudness": -18.981616973876953,
      "mid_to_side_loudness_range": 21.577068328857422,
      "side_mean": -48.897098541259766
    },
    {
      "high_freq": 794.6976318359375,
      "loudness": -29.982358932495117,
      "loudness_range": 9.729887008666992,
      "low_freq": 392.3793640136719,
      "mid_mean": -26.65248680114746,
      "mid_to_side_loudness": -19.163312911987305,
      "mid_to_side_loudness_range": 26.547832489013672,
      "side_mean": -45.64811325073242
    },
    {
      "high_freq": 1457.5709228515625,
      "loudness": -32.1522331237793,
      "loudness_range": 16.75432777404785,
      "low_freq": 794.6976318359375,
      "mid_mean": -29.00579261779785,
      "mid_to_side_loudness": -17.562236785888672,
      "mid_to_side_loudness_range": 28.634384155273438,
      "side_mean": -46.20199966430664
    },
    {
      "high_freq": 2549.74365234375,
      "loudness": -34.531009674072266,
      "loudness_range": 18.88824462890625,
      "low_freq": 1457.5709228515625,
      "mid_mean": -31.07979393005371,
      "mid_to_side_loudness": -19.075401306152344,
      "mid_to_side_loudness_range": 22.914915084838867,
      "side_mean": -50.04622268676758
    },
    {
      "high_freq": 4349.24462890625,
      "loudness": -40.607872009277344,
      "loudness_range": 22.62051010131836,
      "low_freq": 2549.74365234375,
      "mid_mean": -37.20600128173828,
      "mid_to_side_loudness": -14.817073822021484,
      "mid_to_side_loudness_range": 17.79905128479004,
      "side_mean": -51.7772102355957
    },
    {
      "high_freq": 7314.1640625,
      "loudness": -43.461185455322266,
      "loudness_range": 20.047523498535156,
      "low_freq": 4349.24462890625,
      "mid_mean": -40.25575256347656,
      "mid_to_side_loudness": -10.084457397460938,
      "mid_to_side_loudness_range": 8.326756477355957,
      "side_mean": -50.19558334350586
    },
    {
      "high_freq": 12199.2666015625,
      "loudness": -46.91449737548828,
      "loudness_range": 27.158103942871094,
      "low_freq": 7314.1640625,
      "mid_mean": -43.60111618041992,
      "mid_to_side_loudness": -10.421666145324707,
      "mid_to_side_loudness_range": 6.30816125869751,
      "side_mean": -53.91486358642578
    },
    {
      "loudness": -54.5762825012207,
      "loudness_range": 27.221031188964844,
      "low_freq": 12199.2666015625,
      "mid_mean": -51.427860260009766,
      "mid_to_side_loudness": -7.827812671661377,
      "mid_to_side_loudness_range": 10.000882148742676,
      "side_mean": -58.79824447631836
    }
  ],
  "channels": 2,
  "covariance": [
    [
      17.641286849975586,
      12.173206329345703,
      2.6167843341827393,
      -2.380570888519287,
      0.22252225875854492,
      -3.165508508682251,
      -5.943683624267578,
      -9.126174926757812,
      -5.637704372406006,
      -7.684113025665283,
      -3.434790849685669,
      -4.250540733337402,
      0.015691198408603668,
      -0.28402093052864075,
      5.060774326324463,
      4.332296371459961,
      6.645415782928467,
      5.369827747344971
    ],
    [
      12.173206329345703,
      14.331271171569824,
      2.709739923477173,
      0.2796403467655182,
      1.2630867958068848,
      -3.443793296813965,
      -4.86354923248291,
      -6.884641647338867,
      -4.912398338317871,
      -5.515621662139893,
      -2.380949020385742,
      -1.5926412343978882,
      0.6286661624908447,
      0.2779158353805542,
      2.9877164363861084,
      2.549252986907959,
      3.4626963138580322,
      3.0991859436035156
    ],
    [
      2.6167843341827393,
      2.709739923477173,
      6.949832439422607,
      4.562417030334473,
      0.3095235228538513,
      3.246973991394043,
      -1.4380912780761719,
      2.6917006969451904,
      -0.4960246682167053,
      3.5912551879882812,
      3.0132336616516113,
      5.998265743255615,
      4.113251209259033,
      5.059029579162598,
      3.235403537750244,
      3.4722020626068115,
      2.3499865531921387,
      2.0984532833099365
    ],
    [
      -2.380570888519287,
      0.2796403467655182,
      4.562417030334473,
      54.37116241455078,
      6.402307510375977,
      57.22049331665039,
      1.3671940565109253,
      57.24268341064453,
      12.954761505126953,
      35.01893997192383,
      26.169700622558594,
      22.76150131225586,
      7.366032123565674,
      5.148818492889404,
      -0.9121272563934326,
      -0.5133017897605896,
      -3.838735580444336,
      -3.1057498455047607
    ],
    [
      0.22252225875854492,
      1.2630867958068848,
      0.3095235228538513,
      6.402307510375977,
      6.889622211456299,
      13.175410270690918,
      3.800718069076538,
      13.557186126708984,
      3.2423980236053467,
      8.629919052124023,
      3.963959217071533,
      6.0245041847229,
      1.6568126678466797,
      1.9782841205596924,
      0.11989398300647736,
      0.34184297919273376,
      -0.4344922602176666,
      -0.29011020064353943
    ],
    [
      -3.165508508682251,
      -3.443793296813965,
      3.246973991394043,
      57.22049331665039,
      13.175410270690918,
      111.38968658447266,
      9.712133407592773,
      110.35542297363281,
      16.94489860534668,
      69.45628356933594,
      29.371213912963867,
      41.187320709228516,
      9.676825523376465,
      8.901183128356934,
      2.0864365100860596,
      3.055760622024536,
      -0.23747143149375916,
      0.065538190305233
    ],
    [
      -5.943683624267578,
      -4.86354923248291,
      -1.4380912780761719,
      1.3671940565109253,
      3.800718069076538,
      9.712133407592773,
      23.43482208251953,
      25.08616828918457,
      14.897767066955566,
      17.999019622802734,
      4.280060291290283,
      6.919112682342529,
      0.708148717880249,
      1.5461746454238892,
      -2.2295570373535156,
      -1.315161943435669,
      -2.944629192352295,
      -2.083911418914795
    ],
    [
      -9.126174926757812,
      -6.884641647338867,
      2.6917006969451904,
      57.24268341064453,
      13.557186126708984,
      110.35542297363281,
      25.08616828918457,
      131.04295349121094,
      27.443443298339844,
      85.70162200927734,
      33.040916442871094,
      48.48234558105469,
      10.93082332611084,
      11.002854347229004,
      -0.2527950704097748,
      1.6375812292099,
      -3.475386142730713,
      -2.5220985412597656
    ],
    [
      -5.637704372406006,
      -4.912398338317871,
      -0.4960246682167053,
      12.954761505126953,
      3.2423980236053467,
      16.94489860534668,
      14.897767066955566,
      27.443443298339844,
      23.629562377929688,
      24.181034088134766,
      17.70780372619629,
      12.273979187011719,
      3.142775058746338,
      1.4143340587615967,
      -2.8476037979125977,
      -2.5976786613464355,
      -3.836124897003174,
      -3.495485305786133
    ],
    [
      -7.684113025665283,
      -5.515621662139893,
      3.5912551879882812,
      35.01893997192383,
      8.629919052124023,
      69.45628356933594,
      17.999019622802734,
      85.70162200927734,
      24.181034088134766,
      65.14087677001953,
      25.909395217895508,
      37.68527603149414,
      9.433960914611816,
      9.08820629119873,
      -0.18070560693740845,
      1.0590755939483643,
      -2.7845606803894043,
      -2.335468053817749
    ],
    [
      -3.434790849685669,
      -2.380949020385742,
      3.0132336616516113,
      26.169700622558594,
      3.963959217071533,
      29.371213912963867,
      4.280060291290283,
      33.040916442871094,
      17.70780372619629,
      25.909395217895508,
      24.811880111694336,
      18.467880249023438,
      7.677620887756348,
      5.713054180145264,
      -0.46356451511383057,
      -0.2042466402053833,
      -2.8366591930389404,
      -2.6504909992218018
    ],
    [
      -4.250540733337402,
      -1.5926412343978882,
      5.998265743255615,
      22.76150131225586,
      6.0245041847229,
      41.187320709228516,
      6.919112682342529,
      48.48234558105469,
      12.273979187011719,
      37.68527603149414,
      18.467880249023438,
      30.066905975341797,
      10.431273460388184,
      11.997841835021973,
      1.240128755569458,
      2.7823731899261475,
      -2.2412681579589844,
      -1.4122546911239624
    ],
    [
      0.015691198408603668,
      0.6286661624908447,
      4.113251209259033,
      7.366032123565674,
      1.6568126678466797,
      9.676825523376465,
      0.708148717880249,
      10.93082332611084,
      3.142775058746338,
      9.433960914611816,
      7.677620887756348,
      10.431273460388184,
      8.384272575378418,
      8.361289978027344,
      5.756743907928467,
      5.805860996246338,
      3.993751049041748,
      3.455435037612915
    ],
    [
      -0.28402093052864075,
      0.2779158353805542,
      5.059029579162598,
      5.148818492889404,
      1.9782841205596924,
      8.901183128356934,
      1.5461746454238892,
      11.002854347229004,
      1.4143340587615967,
      9.08820629119873,
      5.713054180145264,
      11.997841835021973,
      8.361289978027344,
      11.27567195892334,
      4.465781211853027,
      5.553992748260498,
      1.8307207822799683,
      2.1272597312927246
    ],
    [
      5.060774326324463,
      2.9877164363861084,
      3.235403537750244,
      -0.9121272563934326,
      0.11989398300647736,
      2.0864365100860596,
      -2.2295570373535156,
      -0.2527950704097748,
      -2.8476037979125977,
      -0.18070560693740845,
      -0.46356451511383057,
      1.240128755569458,
      5.756743907928467,
      4.465781211853027,
      14.171486854553223,
      12.159405708312988,
      16.499473571777344,
      12.771957397460938
    ],
    [
      4.332296371459961,
      2.549252986907959,
      3.4722020626068115,
      -0.5133017897605896,
      0.34184297919273376,
      3.055760622024536,
      -1.315161943435669,
      1.6375812292099,
      -2.5976786613464355,
      1.0590755939483643,
      -0.2042466402053833,
      2.7823731899261475,
      5.805860996246338,
      5.553992748260498,
      12.159405708312988,
      11.157386779785156,
      13.62622356414795,
      11.053145408630371
    ],
    [
      6.645415782928467,
      3.4626963138580322,
      2.3499865531921387,
      -3.838735580444336,
      -0.4344922602176666,
      -0.23747143149375916,
      -2.944629192352295,
      -3.475386142730713,
      -3.836124897003174,
      -2.7845606803894043,
      -2.8366591930389404,
      -2.2412681579589844,
      3.993751049041748,
      1.8307207822799683,
      16.499473571777344,
      13.62622356414795,
      21.43628692626953,
      16.261009216308594
    ],
    [
      5.369827747344971,
      3.0991859436035156,
      2.0984532833099365,
      -3.1057498455047607,
      -0.29011020064353943,
      0.065538190305233,
      -2.083911418914795,
      -2.5220985412597656,
      -3.495485305786133,
      -2.335468053817749,
      -2.6504909992218018,
      -1.4122546911239624,
      3.455435037612915,
      2.1272597312927246,
      12.771957397460938,
      11.053145408630371,
      16.261009216308594,
      13.01573371887207
    ]
  ],
  "covariance_short": [
    [
      48.686275482177734,
      29.589628219604492,
      6.048051834106445,
      -1.7535946369171143,
      2.330267906188965,
      -9.04561710357666,
      -10.04137897491455,
      -15.225815773010254,
      -9.219564437866211,
      -13.230030059814453,
      -6.341941833496094,
      -7.329347133636475,
      -2.1320645809173584,
      -1.5629665851593018,
      6.089517593383789,
      4.394792079925537,
      9.22701358795166,
      6.674242973327637
    ],
    [
      29.589628219604492,
      27.46941375732422,
      5.0068817138671875,
      0.855018675327301,
      2.340578317642212,
      -5.369329452514648,
      -6.993175029754639,
      -9.472962379455566,
      -6.7454328536987305,
      -7.364742279052734,
      -2.964383125305176,
      -1.7096776962280273,
      2.393878221511841,
      3.5693297386169434,
      9.915732383728027,
      8.091628074645996,
      11.985302925109863,
      8.275493621826172
    ],
    [
      6.048051834106445,
      5.0068817138671875,
      17.177730560302734,
      12.483563423156738,
      2.4344606399536133,
      4.865070819854736,
      -3.4350860118865967,
      1.8802545070648193,
      0.7321268320083618,
      5.499134540557861,
      8.172810554504395,
      9.76033878326416,
      9.207175254821777,
      10.729089736938477,
      8.114224433898926,
      7.263638496398926,
      5.81583309173584,
      3.8797245025634766
    ],
    [
      -1.7535946369171143,
      0.855018675327301,
      12.483563423156738,
      62.20500183105469,
      5.855091571807861,
      53.468013763427734,
      6.420629024505615,
      48.862770080566406,
      20.30108070373535,
      40.128700256347656,
      38.50544357299805,
      33.91400909423828,
      19.45766258239746,
      15.434779167175293,
      5.025173187255859,
      4.997398376464844,
      1.6279304027557373,
      1.207077980041504
    ],
    [
      2.330267906188965,
      2.340578317642212,
      2.4344606399536133,
      5.855091571807861,
      14.362963676452637,
      12.665342330932617,
      0.30259233713150024,
      5.924737930297852,
      -0.5886088609695435,
      4.903439998626709,
      3.0066869258880615,
      5.120309352874756,
      2.3590309619903564,
      3.7112338542938232,
      3.457737684249878,
      3.1354384422302246,
      2.7642781734466553,
      1.9635655879974365
    ],
    [
      -9.04561710357666,
      -5.369329452514648,
      4.865070819854736,
      53.468013763427734,
      12.665342330932617,
      107.11033630371094,
      17.264751434326172,
      110.91568756103516,
      23.956201553344727,
      78.51500701904297,
      42.89723205566406,
      55.612674713134766,
      22.283220291137695,
      21.441030502319336,
      6.328699588775635,
      8.692488670349121,
      3.898228883743286,
      3.016785144805908
    ],
    [
      -10.04137897491455,
      -6.993175029754639,
      -3.4350860118865967,
      6.420629024505615,
      0.30259233713150024,
      17.264751434326172,
      33.4871826171875,
      36.79735565185547,
      24.019790649414062,
      31.6790714263916,
      15.526460647583008,
      17.92949676513672,
      5.9057722091674805,
      5.507424354553223,
      -2.2670881748199463,
      0.03079061023890972,
      -2.786372423171997,
      -1.3994258642196655
    ],
    [
      -15.225815773010254,
      -9.472962379455566,
      1.8802545070648193,
      48.862770080566406,
      5.924737930297852,
      110.91568756103516,
      36.79735565185547,
      150.80921936035156,
      34.08286666870117,
      101.9547348022461,
      46.17019271850586,
      69.05138397216797,
      24.70299530029297,
      27.247465133666992,
      5.290696620941162,
      10.138933181762695,
      1.951089859008789,
      1.786881446838379
    ],
    [
      -9.219564437866211,
      -6.7454328536987305,
      0.7321268320083618,
      20.30108070373535,
      -0.5886088609695435,
      23.956201553344727,
      24.019790649414062,
      34.08286666870117,
      37.480865478515625,
      38.17845153808594,
      33.9055290222168,
      25.163707733154297,
      11.98275375366211,
      7.727165222167969,
      -2.0359745025634766,
      -0.09477540105581284,
      -2.5111706256866455,
      -1.1254125833511353
    ],
    [
      -13.230030059814453,
      -7.364742279052734,
      5.499134540557861,
      40.128700256347656,
      4.903439998626709,
      78.51500701904297,
      31.6790714263916,
      101.9547348022461,
      38.17845153808594,
      93.2421646118164,
      47.72121810913086,
      64.8524398803711,
      26.62948989868164,
      29.27727508544922,
      7.583369731903076,
      12.021384239196777,
      4.90670919418335,
      3.294706106185913
    ],
    [
      -6.341941833496094,
      -2.964383125305176,
      8.172810554504395,
      38.50544357299805,
      3.0066869258880615,
      42.89723205566406,
      15.526460647583008,
      46.17019271850586,
      33.9055290222168,
      47.72121810913086,
      56.9047737121582,
      47.83699417114258,
      34.48788833618164,
      30.104415893554688,
      16.682260513305664,
      16.809486389160156,
      12.178510665893555,
      8.442378044128418
    ],
    [
      -7.329347133636475,
      -1.7096776962280273,
      9.76033878326416,
      33.91400909423828,
      5.120309352874756,
      55.612674713134766,
      17.92949676513672,
      69.05138397216797,
      25.163707733154297,
      64.8524398803711,
      47.83699417114258,
      66.9314193725586,
      42.2816162109375,
      48.19094467163086,
      28.892744064331055,
      30.2293758392334,
      22.207656860351562,
      14.378950119018555
    ],
    [
      -2.1320645809173584,
      2.393878221511841,
      9.207175254821777,
      19.45766258239746,
      2.3590309619903564,
      22.283220291137695,
      5.9057722091674805,
      24.70299530029297,
      11.98275375366211,
      26.62948989868164,
      34.48788833618164,
      42.2816162109375,
      50.501766204833984,
      51.62912368774414,
      51.14282989501953,
      45.324073791503906,
      44.611427307128906,
      28.569988250732422
    ],
    [
      -1.5629665851593018,
      3.5693297386169434,
      10.729089736938477,
      15.434779167175293,
      3.7112338542938232,
      21.441030502319336,
      5.507424354553223,
      27.247465133666992,
      7.727165222167969,
      29.27727508544922,
      30.104415893554688,
      48.19094467163086,
      51.62912368774414,
      62.31990051269531,
      56.92473220825195,
      52.35445785522461,
      47.911373138427734,
      30.189908981323242
    ],
    [
      6.089517593383789,
      9.915732383728027,
      8.114224433898926,
      5.025173187255859,
      3.457737684249878,
      6.328699588775635,
      -2.2670881748199463,
      5.290696620941162,
      -2.0359745025634766,
      7.583369731903076,
      16.682260513305664,
      28.892744064331055,
      51.14282989501953,
      56.92473220825195,
      87.14071655273438,
      70.37747955322266,
      81.68717193603516,
      51.81798553466797
    ],
    [
      4.394792079925537,
      8.091628074645996,
      7.263638496398926,
      4.997398376464844,
      3.1354384422302246,
      8.692488670349121,
      0.03079061023890972,
      10.138933181762695,
      -0.09477540105581284,
      12.021384239196777,
      16.809486389160156,
      30.2293758392334,
      45.324073791503906,
      52.35445785522461,
      70.37747955322266,
      61.03581237792969,
      67.69979858398438,
      43.86609649658203
    ],
    [
      9.22701358795166,
      11.985302925109863,
      5.81583309173584,
      1.6279304027557373,
      2.7642781734466553,
      3.898228883743286,
      -2.786372423171997,
      1.951089859008789,
      -2.5111706256866455,
      4.90670919418335,
      12.178510665893555,
      22.207656860351562,
      44.611427307128906,
      47.911373138427734,
      81.68717193603516,
      67.69979858398438,
      86.44637298583984,
      55.75761032104492
    ],
    [
      6.674242973327637,
      8.275493621826172,
      3.8797245025634766,
      1.207077980041504,
      1.9635655879974365,
      3.016785144805908,
      -1.3994258642196655,
      1.786881446838379,
      -1.1254125833511353,
      3.294706106185913,
      8.442378044128418,
      14.378950119018555,
      28.569988250732422,
      30.189908981323242,
      51.81798553466797,
      43.86609649658203,
      55.75761032104492,
      38.13272476196289
    ]
  ],
  "drr": 14.033227920532227,
  "dynamics": 2.1458122730255127,
  "format": 1245190,
  "frames": 1361920,
  "loudness": -20.0862979888916,
  "loudness_range": 5.325748443603516,
  "loudness_range_short": 7.666223526000977,
  "peak": -5.6653618812561035,
  "rms": -22.599422454833984,
  "sample_rate": 44100,
  "sections": 1,
  "seekable": 1,
  "sharpness": 2.2384188175201416,
  "space": -16.568300247192383
}