{
  "bands": [
    {
      "high_freq": 148.1999969482422,
      "loudness": -21.675949096679688,
      "loudness_range": 8.37118911743164,
      "mid_mean": -18.051982879638672,
      "mid_to_side_loudness": -18.415658950805664,
      "mid_to_side_loudness_range": 9.11306095123291,
      "side_mean": -36.69926452636719
    },
    {
      "high_freq": 392.3793640136719,
      "loudness": -21.338417053222656,
      "loudness_range": 7.852960586547852,
      "low_freq": 148.1999969482422,
      "mid_mean": -17.91803550720215,
      "mid_to_side_loudness": -14.016157150268555,
      "mid_to_side_loudness_range": 11.276700019836426,
      "side_mean": -31.942289352416992
    },
    {
      "high_freq": 794.6976318359375,
      "loudness": -21.14008331298828,
      "loudness_range": 7.8084259033203125,
      "low_freq": 392.3793640136719,
      "mid_mean": -18.129302978515625,
      "mid_to_side_loudness": -9.156332969665527,
      "mid_to_side_loudness_range": 13.322470664978027,
      "side_mean": -27.73484230041504
    },
    {
      "high_freq": 1457.5709228515625,
      "loudness": -22.288352966308594,
      "loudness_range": 11.323463439941406,
      "low_freq": 794.6976318359375,
      "mid_mean": -19.529340744018555,
      "mid_to_side_loudness": -7.565395832061768,
      "mid_to_side_loudness_range": 12.061090469360352,
      "side_mean": -27.21780776977539
    },
    {
      "high_freq": 2549.74365234375,
      "loudness": -21.797500610351562,
      "loudness_range": 11.884626388549805,
      "low_freq": 1457.5709228515625,
      "mid_mean": -19.151689529418945,
      "mid_to_side_loudness": -6.822399139404297,
      "mid_to_side_loudness_range": 11.40108871459961,
      "side_mean": -26.13715362548828
    },
    {
      "high_freq": 4349.24462890625,
      "loudness": -26.457210540771484,
      "loudness_range": 11.263387680053711,
      "low_freq": 2549.74365234375,
      "mid_mean": -23.35291290283203,
      "mid_to_side_loudness": -8.964348793029785,
      "mid_to_side_loudness_range": 11.549613952636719,
      "side_mean": -32.738868713378906
    },
    {
      "high_freq": 7314.1640625,
      "loudness": -30.224559783935547,
      "loudness_range": 13.37748908996582,
      "low_freq": 4349.24462890625,
      "mid_mean": -27.044673919677734,
      "mid_to_side_loudness": -8.512735366821289,
      "mid_to_side_loudness_range": 4.5033721923828125,
      "side_mean": -36.057334899902344
    },
    {
      "high_freq": 12199.2666015625,
      "loudness": -32.18891143798828,
      "loudness_range": 14.038656234741211,
      "low_freq": 7314.1640625,
      "mid_mean": -29.95526123046875,
      "mid_to_side_loudness": -4.002885341644287,
      "mid_to_side_loudness_range": 2.2066609859466553,
      "side_mean": -34.13780212402344
    },
    {
      "loudness": -35.81401824951172,
      "loudness_range": 13.224615097045898,
      "low_freq": 12199.2666015625,
      "mid_mean": -34.33884811401367,
      "mid_to_side_loudness": -1.7919765710830688,
      "mid_to_side_loudness_range": 2.7480530738830566,
      "side_mean": -36.248226165771484
    }
  ],
  "bands_short": [
    {
      "high_freq": 148.1999969482422,
      "loudness": -24.040929794311523,
      "loudness_range": 11.456232070922852,
      "mid_mean": -20.430503845214844,
      "mid_to_side_loudness": -20.858421325683594,
      "mid_to_side_loudness_range": 17.989669799804688,
      "side_mean": -41.789695739746094
    },
    {
      "high_freq": 392.3793640136719,
      "loudness": -20.631467819213867,
      "loudness_range": 10.339879035949707,
      "low_freq": 148.1999969482422,
      "mid_mean": -17.203227996826172,
      "mid_to_side_loudness": -14.414799690246582,
      "mid_to_side_loudness_range": 12.135208129882812,
      "side_mean": -31.64761734008789
    },
    {
      "high_freq": 794.6976318359375,
      "loudness": -21.671159744262695,
      "loudness_range": 9.538873672485352,
      "low_freq": 392.3793640136719,
      "mid_mean": -18.693384170532227,
      "mid_to_side_loudness": -9.544973373413086,
      "mid_to_side_loudness_range": 16.05204200744629,
      "side_mean": -28.732946395874023
    },
    {
      "high_freq": 1457.5709228515625,
      "loudness": -22.125024795532227,
      "loudness_range": 12.154050827026367,
      "low_freq": 794.6976318359375,
      "mid_mean": -19.435335159301758,
      "mid_to_side_loudness": -7.561399459838867,
      "mid_to_side_loudness_range": 13.64638900756836,
      "side_mean": -27.130901336669922
    },
    {
      "high_freq": 2549.74365234375,
      "loudness": -22.152910232543945,
      "loudness_range": 12.81692886352539,
      "low_freq": 1457.5709228515625,
      "mid_mean": -19.585063934326172,
      "mid_to_side_loudness": -6.775868892669678,
      "mid_to_side_loudness_range": 12.973657608032227,
      "side_mean": -26.549888610839844
    },
    {
      "high_freq": 4349.24462890625,
      "loudness": -26.608266830444336,
      "loudness_range": 13.246574401855469,
      "low_freq": 2549.74365234375,
      "mid_mean": -23.572982788085938,
      "mid_to_side_loudness": -9.030067443847656,
      "mid_to_side_loudness_range": 12.476520538330078,
      "side_mean": -32.95998001098633
    },
    {
      "high_freq": 7314.1640625,
      "loudness": -31.992170333862305,
      "loudness_range": 19.43256187438965,
      "low_freq": 4349.24462890625,
      "mid_mean": -28.91974639892578,
      "mid_to_side_loudness": -8.184779167175293,
      "mid_to_side_loudness_range": 6.443932056427002,
      "side_mean": -37.50727081298828
    },
    {
      "high_freq": 12199.2666015625,
      "loudness": -34.9107551574707,
      "loudness_range": 21.269975662231445,
      "low_freq": 7314.1640625,
      "mid_mean": -32.6114387512207,
      "mid_to_side_loudness": -4.205828666687012,
      "mid_to_side_loudness_range": 3.575129270553589,
      "side_mean": -37.04447937011719
    },
    {
      "loudness": -43.45429611206055,
      "loudness_range": 28.669527053833008,
      "low_freq": 12199.2666015625,
      "mid_mean": -41.95561599731445,
      "mid_to_side_loudness": -1.8578648567199707,
      "mid_to_side_loudness_range": 3.1925504207611084,
      "side_mean": -44.43840026855469
    }
  ],
  "channels": 2,
  "covariance": [
    [
      22.846168518066406,
      17.18101692199707,
      9.558058738708496,
      11.221087455749512,
      10.65832805633545,
      7.262186050415039,
      11.084535598754883,
      8.684549331665039,
      11.656759262084961,
      8.683059692382812,
      12.293584823608398,
      9.441091537475586,
      8.129287719726562,
      10.20492172241211,
      7.937299728393555,
      8.170939445495605,
      10.32590389251709,
      10.486607551574707
    ],
    [
      17.18101692199707,
      22.0183162689209,
      9.853564262390137,
      11.688191413879395,
      9.959281921386719,
      8.01081371307373,
      11.245050430297852,
      9.888089179992676,
      11.904565811157227,
      9.626837730407715,
      12.621358871459961,
      11.170702934265137,
      10.029138565063477,
      11.963664054870605,
      9.351447105407715,
      9.662118911743164,
      9.717080116271973,
      10.107281684875488
    ],
    [
      9.558058738708496,
      9.853564262390137,
      15.128265380859375,
      11.679853439331055,
      9.173550605773926,
      6.600187301635742,
      7.3508405685424805,
      7.366288661956787,
      8.736233711242676,
      6.974074840545654,
      8.814651489257812,
      7.310421466827393,
      8.728737831115723,
      8.734848976135254,
      8.829700469970703,
      8.211149215698242,
      8.811125755310059,
      9.083878517150879
    ],
    [
      11.221087455749512,
      11.688191413879395,
      11.679853439331055,
      24.05437469482422,
      8.029243469238281,
      12.310022354125977,
      5.081697940826416,
      11.269723892211914,
      7.249301433563232,
      10.716848373413086,
      7.623968124389648,
      10.701077461242676,
      9.13066577911377,
      9.513877868652344,
      9.130069732666016,
      8.749011993408203,
      10.038594245910645,
      10.187897682189941
    ],
    [
      10.65832805633545,
      9.959281921386719,
      9.173550605773926,
      8.029243469238281,
      17.177587509155273,
      6.729223728179932,
      13.420010566711426,
      7.212695121765137,
      13.185993194580078,
      7.086297988891602,
      12.305261611938477,
      8.199203491210938,
      7.487041473388672,
      8.371495246887207,
      8.027066230773926,
      7.872645378112793,
      7.465060234069824,
      7.534911155700684
    ],
    [
      7.262186050415039,
      8.01081371307373,
      6.600187301635742,
      12.310022354125977,
      6.729223728179932,
      20.274505615234375,
      9.302927017211914,
      12.035171508789062,
      9.441664695739746,
      11.95606517791748,
      10.868592262268066,
      14.03919506072998,
      10.259021759033203,
      11.941940307617188,
      8.41590404510498,
      8.601667404174805,
      6.294219970703125,
      6.2266740798950195
    ],
    [
      11.084535598754883,
      11.245050430297852,
      7.3508405685424805,
      5.081697940826416,
      13.420010566711426,
      9.302927017211914,
      24.979415893554688,
      10.717621803283691,
      20.543556213378906,
      10.470792770385742,
      19.89374351501465,
      14.162938117980957,
      13.264257431030273,
      14.695446968078613,
      11.296493530273438,
      12.010666847229004,
      7.697816371917725,
      8.31954574584961
    ],
    [
      8.684549331665039,
      9.888089179992676,
      7.366288661956787,
      11.269723892211914,
      7.212695121765137,
      12.035171508789062,
      10.717621803283691,
      15.75870418548584,
      10.31092357635498,
      11.84575366973877,
      11.464685440063477,
      14.833295822143555,
      11.467506408691406,
      12.256916999816895,
      10.37489128112793,
      10.729463577270508,
      8.866924285888672,
      9.166280746459961
    ],
    [
      11.656759262084961,
      11.904565811157227,
      8.736233711242676,
      7.249301433563232,
      13.185993194580078,
      9.441664695739746,
      20.543556213378906,
      10.31092357635498,
      25.207544326782227,
      11.994919776916504,
      20.653654098510742,
      14.978227615356445,
      13.222197532653809,
      14.336402893066406,
      11.960037231445312,
      12.336357116699219,
      8.418681144714355,
      8.888707160949707
    ],
    [
      8.683059692382812,
      9.626837730407715,
      6.974074840545654,
      10.716848373413086,
      7.086297988891602,
      11.95606517791748,
      10.470792770385742,
      11.84575366973877,
      11.994919776916504,
      17.025081634521484,
      11.457808494567871,
      15.113449096679688,
      10.877449035644531,
      12.312634468078613,
      9.671579360961914,
      10.25967025756836,
      7.929430961608887,
      8.339706420898438
    ],
    [
      12.293584823608398,
      12.621358871459961,
      8.814651489257812,
      7.623968124389648,
      12.305261611938477,
      10.868592262268066,
      19.89374351501465,
      11.464685440063477,
      20.653654098510742,
      11.457808494567871,
      25.26582908630371,
      17.7421932220459,
      16.78843116760254,
      20.29978370666504,
      14.3569917678833,
      14.954506874084473,
      9.138720512390137,
      9.720138549804688
    ],
    [
      9.441091537475586,
      11.170702934265137,
      7.310421466827393,
      10.701077461242676,
      8.199203491210938,
      14.03919506072998,
      14.162938117980957,
      14.833295822143555,
      14.978227615356445,
      15.113449096679688,
      17.7421932220459,
      27.748027801513672,
      17.947147369384766,
      21.028614044189453,
      15.375164985656738,
      16.034086227416992,
      9.51241397857666,
      9.959486961364746
    ],
    [
      8.129287719726562,
      10.029138565063477,
      8.728737831115723,
      9.13066577911377,
      7.487041473388672,
      10.259021759033203,
      13.264257431030273,
      11.467506408691406,
      13.222197532653809,
      10.877449035644531,
      16.78843116760254,
      17.947147369384766,
      27.52458381652832,
      27.548559188842773,
      23.93430519104004,
      24.527435302734375,
      14.948616027832031,
      15.653286933898926
    ],
    [
      10.20492172241211,
      11.963664054870605,
      8.734848976135254,
      9.513877868652344,
      8.371495246887207,
      11.941940307617188,
      14.695446968078613,
      12.256916999816895,
      14.336402893066406,
      12.312634468078613,
      20.29978370666504,
      21.028614044189453,
      27.548559188842773,
      33.88112258911133,
      24.12497329711914,
      25.536909103393555,
      13.96109390258789,
      14.862489700317383
    ],
    [
      7.937299728393555,
      9.351447105407715,
      8.829700469970703,
      9.130069732666016,
      8.027066230773926,
      8.41590404510498,
      11.296493530273438,
      10.37489128112793,
      11.960037231445312,
      9.671579360961914,
      14.3569917678833,
      15.375164985656738,
      23.93430519104004,
      24.12497329711914,
      27.384235382080078,
      27.319698333740234,
      18.380224227905273,
      18.74981117248535
    ],
    [
      8.170939445495605,
      9.662118911743164,
      8.211149215698242,
      8.749011993408203,
      7.872645378112793,
      8.601667404174805,
      12.010666847229004,
      10.729463577270508,
      12.336357116699219,
      10.25967025756836,
      14.954506874084473,
      16.034086227416992,
      24.527435302734375,
      25.536909103393555,
      27.319698333740234,
      28.864221572875977,
      18.874107360839844,
      19.643545150756836
    ],
    [
      10.32590389251709,
      9.717080116271973,
      8.811125755310059,
      10.038594245910645,
      7.465060234069824,
      6.294219970703125,
      7.697816371917725,
      8.866924285888672,
      8.418681144714355,
      7.929430961608887,
      9.138720512390137,
      9.51241397857666,
      14.948616027832031,
      13.96109390258789,
      18.380224227905273,
      18.874107360839844,
      27.725921630859375,
      27.074880599975586
    ],
    [
      10.486607551574707,
      10.107281684875488,
      9.083878517150879,
      10.187897682189941,
      7.534911155700684,
      6.2266740798950195,
      8.31954574584961,
      9.166280746459961,
      8.888707160949707,
      8.339706420898438,
      9.720138549804688,
      9.959486961364746,
      15.653286933898926,
      14.862489700317383,
      18.74981117248535,
      19.643545150756836,
      27.074880599975586,
      27.85825538635254
    ]
  ],
  "covariance_short": [
    [
      26.380998611450195,
      13.053329467773438,
      9.741265296936035,
      9.389201164245605,
      9.022751808166504,
      5.420340538024902,
      9.289834976196289,
      7.468853950500488,
      9.816621780395508,
      7.23333740234375,
      9.743573188781738,
      7.478256702423096,
      6.8869948387146,
      7.344221115112305,
      7.341918468475342,
      7.313684463500977,
      8.13368034362793,
      12.18155574798584
    ],
    [
      13.053329467773438,
      38.81980514526367,
      9.658553123474121,
      10.71379566192627,
      8.85228157043457,
      9.291425704956055,
      9.401045799255371,
      10.085260391235352,
      9.754409790039062,
      10.433714866638184,
      11.501608848571777,
      12.25269603729248,
      11.510836601257324,
      12.624881744384766,
      10.420549392700195,
      10.814653396606445,
      13.1666259765625,
      19.000085830688477
    ],
    [
      9.741265296936035,
      9.658553123474121,
      19.748523712158203,
      12.674348831176758,
      9.238534927368164,
      7.095883846282959,
      8.045525550842285,
      8.640256881713867,
      9.603086471557617,
      7.891763210296631,
      9.803248405456543,
      8.58808708190918,
      10.330991744995117,
      9.6508207321167,
      10.697011947631836,
      10.226070404052734,
      13.953818321228027,
      17.521411895751953
    ],
    [
      9.389201164245605,
      10.71379566192627,
      12.674348831176758,
      24.67352294921875,
      7.960442543029785,
      12.265365600585938,
      5.942198753356934,
      11.574196815490723,
      8.085140228271484,
      10.794193267822266,
      8.220393180847168,
      10.978972434997559,
      9.70934772491455,
      10.124629974365234,
      8.861170768737793,
      8.496432304382324,
      9.380992889404297,
      12.874751091003418
    ],
    [
      9.022751808166504,
      8.85228157043457,
      9.238534927368164,
      7.960442543029785,
      20.681678771972656,
      7.294148921966553,
      14.70541000366211,
      7.977672100067139,
      14.41075611114502,
      7.589045524597168,
      13.892634391784668,
      9.080172538757324,
      8.611343383789062,
      8.7973051071167,
      9.925924301147461,
      9.907697677612305,
      10.793783187866211,
      15.05006217956543
    ],
    [
      5.420340538024902,
      9.291425704956055,
      7.095883846282959,
      12.265365600585938,
      7.294148921966553,
      27.310386657714844,
      10.457486152648926,
      14.718759536743164,
      10.638707160949707,
      14.278148651123047,
      12.650422096252441,
      17.714214324951172,
      14.597431182861328,
      16.144323348999023,
      11.295402526855469,
      11.691484451293945,
      11.376494407653809,
      14.081550598144531
    ],
    [
      9.289834976196289,
      9.401045799255371,
      8.045525550842285,
      5.942198753356934,
      14.70541000366211,
      10.457486152648926,
      27.64891815185547,
      11.455534934997559,
      21.93777847290039,
      11.002522468566895,
      21.8616943359375,
      15.0215425491333,
      16.631376266479492,
      16.15046501159668,
      15.684741973876953,
      16.05630111694336,
      16.16765785217285,
      20.88603401184082
    ],
    [
      7.468853950500488,
      10.085260391235352,
      8.640256881713867,
      11.574196815490723,
      7.977672100067139,
      14.718759536743164,
      11.455534934997559,
      19.252954483032227,
      11.395461082458496,
      13.743160247802734,
      12.677214622497559,
      16.157230377197266,
      14.261419296264648,
      14.674707412719727,
      12.593659400939941,
      12.697818756103516,
      13.197457313537598,
      14.692316055297852
    ],
    [
      9.816621780395508,
      9.754409790039062,
      9.603086471557617,
      8.085140228271484,
      14.41075611114502,
      10.638707160949707,
      21.93777847290039,
      11.395461082458496,
      29.35263442993164,
      13.292436599731445,
      23.748634338378906,
      16.84914779663086,
      17.503437042236328,
      16.788522720336914,
      17.106725692749023,
      17.296344757080078,
      16.957901000976562,
      22.452035903930664
    ],
    [
      7.23333740234375,
      10.433714866638184,
      7.891763210296631,
      10.794193267822266,
      7.589045524597168,
      14.278148651123047,
      11.002522468566895,
      13.743160247802734,
      13.292436599731445,
      20.716556549072266,
      12.742530822753906,
      17.564279556274414,
      13.494277954101562,
      14.581005096435547,
      11.453143119812012,
      11.87811279296875,
      12.01388931274414,
      14.694859504699707
    ],
    [
      9.743573188781738,
      11.501608848571777,
      9.803248405456543,
      8.220393180847168,
      13.892634391784668,
      12.650422096252441,
      21.8616943359375,
      12.677214622497559,
      23.748634338378906,
      12.742530822753906,
      29.971662521362305,
      20.693851470947266,
      24.17755699157715,
      24.31012725830078,
      23.08879280090332,
      23.698827743530273,
      23.912967681884766,
      29.77655029296875
    ],
    [
      7.478256702423096,
      12.25269603729248,
      8.58808708190918,
      10.978972434997559,
      9.080172538757324,
      17.714214324951172,
      15.0215425491333,
      16.157230377197266,
      16.84914779663086,
      17.564279556274414,
      20.693851470947266,
      31.743650436401367,
      23.93581771850586,
      26.308090209960938,
      21.329391479492188,
      22.223709106445312,
      22.282922744750977,
      27.148250579833984
    ],
    [
      6.8869948387146,
      11.510836601257324,
      10.330991744995117,
      9.70934772491455,
      8.611343383789062,
      14.597431182861328,
      16.631376266479492,
      14.261419296264648,
      17.503437042236328,
      13.494277954101562,
      24.17755699157715,
      23.93581771850586,
      47.352046966552734,
      44.377925872802734,
      44.912742614746094,
      46.524208068847656,
      48.641361236572266,
      50.702796936035156
    ],
    [
      7.344221115112305,
      12.624881744384766,
      9.6508207321167,
      10.124629974365234,
      8.7973051071167,
      16.144323348999023,
      16.15046501159668,
      14.674707412719727,
      16.788522720336914,
      14.581005096435547,
      24.31012725830078,
      26.308090209960938,
      44.377925872802734,
      48.821327209472656,
      42.93499755859375,
      45.29389953613281,
      46.73787307739258,
      51.20785903930664
    ],
    [
      7.341918468475342,
      10.420549392700195,
      10.697011947631836,
      8.861170768737793,
      9.925924301147461,
      11.295402526855469,
      15.684741973876953,
      12.593659400939941,
      17.106725692749023,
      11.453143119812012,
      23.08879280090332,
      21.329391479492188,
      44.912742614746094,
      42.93499755859375,
      55.83426284790039,
      56.208518981933594,
      59.841556549072266,
      59.48786544799805
    ],
    [
      7.313684463500977,
      10.814653396606445,
      10.226070404052734,
      8.496432304382324,
      9.907697677612305,
      11.691484451293945,
      16.05630111694336,
      12.697818756103516,
      17.296344757080078,
      11.87811279296875,
      23.698827743530273,
      22.223709106445312,
      46.524208068847656,
      45.29389953613281,
      56.208518981933594,
      59.240421295166016,
      62.63502502441406,
      63.094696044921875
    ],
    [
      8.13368034362793,
      13.1666259765625,
      13.953818321228027,
      9.380992889404297,
      10.793783187866211,
      11.376494407653809,
      16.16765785217285,
      13.197457313537598,
      16.957901000976562,
      12.01388931274414,
      23.912967681884766,
      22.282922744750977,
      48.641361236572266,
      46.73787307739258,
      59.841556549072266,
      62.63502502441406,
      87.24195098876953,
      86.28739166259766
    ],
    [
      12.18155574798584,
      19.000085830688477,
      17.521411895751953,
      12.874751091003418,
      15.05006217956543,
      14.081550598144531,
      20.88603401184082,
      14.692316055297852,
      22.452035903930664,
      14.694859504699707,
      29.77655029296875,
      27.148250579833984,
      50.702796936035156,
      51.20785903930664,
      59.48786544799805,
      63.094696044921875,
      86.28739166259766,
      94.73666381835938
    ]
  ],
  "drr": 13.372097969055176,
  "dynamics": 2.4697952270507812,
  "format": 1245190,
  "frames": 14276608,
  "loudness": -9.978424072265625,
  "loudness_range": 5.135719299316406,
  "loudness_range_short": 6.9090375900268555,
  "peak": -0.1778157651424408,
  "rms": -12.616613388061523,
  "sample_rate": 44100,
  "sections": 1,
  "seekable": 1,
  "sharpness": 1.6071412563323975,
  "space": -9.885967254638672
}